656949
6859
195
349729 58
190317 57
366307 72
544385 35
598305 97
55911 52
606448 51
618144 70
247490 13
474091 82
206820 82
22036 28
196917 41
240726 27
377027 24
184318 30
521286 71
574151 26
322018 96
549837 1
100057 60
105701 38
75662 90
414386 20
323610 91
341221 45
624412 60
355769 63
146743 97
461888 6
53046 27
640130 63
636163 72
164945 99
539849 52
107372 97
428714 73
360600 98
555204 79
350224 78
205327 59
451069 83
107762 85
426311 75
275116 72
277266 16
254729 70
282020 58
637405 72
4487 31
230387 67
258896 71
493318 41
547079 1
586248 45
447908 76
561469 69
535144 25
109018 20
180576 68
16046 96
545411 84
160735 34
581073 37
266056 76
599987 81
306495 25
478342 24
132432 88
297919 94
116145 8
101168 4
848 23
228639 77
378894 28
445079 80
218176 20
568079 1
147381 76
345390 5
65731 24
397392 79
526719 3
644065 4
266071 43
191530 10
329089 13
605875 21
227088 59
513576 79
182496 100
81451 20
311217 16
505646 32
394487 90
111604 98
259634 3
163120 52
125710 41
632477 33
62991 30
417289 27
464396 24
541097 42
599926 89
466529 82
335768 54
612830 24
525525 18
240356 63
155688 4
131198 44
137661 49
559754 48
598330 13
579285 39
213407 52
43397 63
381246 45
224363 45
193444 29
369249 37
472596 64
340506 98
50756 83
270053 12
538554 26
92611 67
268349 61
648300 4
285055 28
588512 79
187661 71
251947 3
625555 71
123846 73
484746 1
25465 43
411737 92
203186 97
141597 71
607606 67
354153 89
153664 43
545288 59
652748 16
437991 30
457086 5
439367 30
530847 82
132263 69
375144 98
49206 12
177358 21
37180 67
176796 91
295075 7
260838 30
209448 3
389187 2
96758 72
432733 8
88309 6
32234 92
593039 53
514873 12
57389 8
71213 81
648682 54
324845 52
294665 81
383820 2
301381 11
630850 64
235709 47
405673 35
510999 91
170798 15
9992 93
457446 46
606648 3
328513 91
317990 21
517227 98
487866 41
158799 28
424098 9
97983 87
121411 60
500089 67
112845 56
289620 4
66436 60
84893 65
403228 47
