6190844
25910
483
2806440 21
1065245 64
1054484 98
3465414 20
4003950 4
2695038 82
3151848 29
6180607 35
2754775 45
5190106 64
1571633 3
4613981 99
1217436 74
1181572 36
436157 54
1043501 62
2829038 62
607887 35
1609149 80
756361 48
1845612 7
4870854 88
1838381 69
5945911 47
5427297 72
4386250 96
3014464 46
5911282 7
5269002 28
1428630 47
317549 80
4331379 39
5176236 67
4069144 92
2753892 56
5930462 74
4490109 74
1238159 42
2041280 93
2066916 52
1122982 19
2663790 36
3452027 83
3632626 23
5010678 52
743812 93
657068 33
5090675 40
2251191 55
3889319 8
5282406 86
254133 62
5901842 52
3087274 88
4521637 86
2405803 21
4763906 48
114041 97
2011175 76
1480245 16
3295092 21
4726128 33
717087 100
2364608 9
2340153 13
289596 38
781966 29
2780945 44
4923039 36
1204136 86
318672 80
4944665 26
1398225 1
1928846 2
4929765 34
1136446 66
5999136 76
1439641 78
1471148 88
4433546 87
5076646 21
1147466 17
4567159 30
1832944 38
282177 27
5310935 56
5759759 43
894486 56
345567 97
2149155 18
3939070 26
404458 96
4260339 70
557059 5
6041735 81
2450437 80
3150695 91
1492907 20
5859646 45
1398531 88
1814692 77
4497313 72
3805969 89
3964848 27
1913059 80
2137727 70
4814761 81
29951 3
3097160 81
999390 63
5866687 40
2776133 95
4496598 100
505346 90
5928740 89
2733131 20
417888 9
3104279 57
80072 3
2277285 59
5264365 99
2372599 1
3770566 56
2346039 31
1965646 83
475532 76
1675758 59
4308145 23
3965931 83
5636610 40
3491711 21
5624057 19
3077431 48
5579124 91
4218959 75
822730 87
1529392 13
6063973 71
3592607 26
4856912 3
5333059 22
2118337 93
5720972 3
3541608 8
4988148 83
4367199 37
5403544 32
4198566 94
5834725 39
4166214 20
2428699 82
5420777 87
455846 9
5477567 70
262843 85
1329841 54
211872 60
5174584 5
4613842 14
994904 51
1690406 61
5183843 13
2392458 73
154476 51
3898161 95
724166 76
3145295 53
391753 59
113511 51
125647 75
3700716 99
2336497 40
3162233 85
2267810 37
5853502 62
4740148 58
3352685 20
2992314 55
4882348 66
1376951 64
188000 35
626700 60
923074 47
4972508 12
2727784 11
1735019 99
5142356 55
6150740 78
5882064 3
3367713 8
3796043 34
2926394 54
1170129 18
1870073 37
1588664 12
2434376 75
3307401 97
2764700 5
12805 94
5984303 56
2485100 47
2861950 24
1122453 70
2064324 84
4488374 60
6074181 72
5935430 51
4499903 10
3391357 50
3822324 66
6182671 67
2106109 5
499879 67
5361680 88
3925493 60
5540241 47
4954729 60
797524 61
230022 4
5565370 6
1992731 59
44999 35
705549 11
5071368 35
876003 100
2501841 85
2910595 92
1344150 88
2094997 59
1102865 74
5625182 36
6023131 29
4049403 98
1549460 26
951996 18
1350963 58
1991420 2
2223277 57
4372604 71
1651916 69
1343887 86
2106839 22
4989911 31
951383 49
2548093 7
2523844 97
4542778 41
5136717 64
5495844 87
5452942 35
906706 2
3186891 91
1775549 24
3014311 84
1027985 50
2560513 25
5377785 58
4458559 1
5508991 32
4606070 36
4016751 63
2970364 62
2917098 53
3054564 57
3754253 30
3943557 8
3334446 53
2806538 52
4020408 72
5240321 35
5686218 33
6025357 67
5917402 77
2840926 9
3673156 100
3429988 21
1715106 11
2231361 61
2664240 77
155380 53
1209345 51
3569680 82
1305685 76
5767678 51
2465638 96
2783532 91
4633289 54
1946653 43
2171581 68
2645752 64
4293445 5
4700543 37
495459 89
466792 10
5222017 11
4689179 27
1063829 16
1891025 55
2808256 10
3848227 94
1593015 84
90671 19
141204 2
6067669 76
1419547 43
6115361 40
5889249 41
5795616 59
2768466 88
1134815 53
580586 45
2887843 64
3500644 33
5701398 84
4783085 12
157597 7
1571329 4
2779602 80
4717715 42
1796995 46
4060359 18
1452174 12
5210941 31
3656383 10
593962 46
4476782 29
2431384 22
5817915 80
3906115 41
5306176 89
2065228 94
2366603 66
5742786 3
1035822 77
368087 61
3614938 36
2249983 12
4106362 12
3406062 57
2687882 40
312212 76
857109 13
2189953 44
5496065 62
2097774 69
3661545 12
3274272 85
1914337 55
424655 57
4856758 64
3685661 39
5689371 26
1262605 89
4240021 44
1327532 89
4083602 5
5046056 73
4034845 92
5793365 59
4161568 32
3035828 10
1673748 18
2318423 90
1657808 17
5519709 77
3294541 58
5708727 18
4834333 35
1512503 50
5504272 27
2892014 17
1313830 72
1842203 42
6166919 75
4130988 29
4182280 3
1751827 59
2620937 72
3210595 1
785219 71
2018255 27
938820 53
5603439 8
4325934 20
4285290 72
4348927 99
1106233 100
4217215 53
5739589 26
3255736 58
3016611 86
3230660 50
4802936 44
6099787 4
3121650 59
1377712 22
3486144 52
4655921 61
2582570 1
4998698 63
1282939 7
6135019 94
85454 54
3525151 16
4709059 26
3989924 81
3866475 98
2204923 53
966635 78
1457211 53
4154357 94
6001453 71
1486821 89
2081876 99
633266 51
1085561 43
2269171 75
3475124 93
1363129 21
486203 42
1633835 75
6130872 37
900144 19
4403616 25
786165 21
3071272 33
680810 93
112263 33
2266569 91
5026684 5
985547 92
5476255 38
225080 82
528250 90
5124338 59
4955225 46
4417924 56
5546024 69
5967931 78
5355946 86
550494 33
3740347 73
5641439 69
5211556 42
590281 13
1243867 62
2292868 5
5149796 86
339285 83
3241792 60
5662731 29
3316564 42
2475474 18
5045912 100
3726155 69
4905326 53
1619152 98
3555033 61
1477816 78
3539471 100
1019942 84
2605813 97
2948517 2
4679936 12
1243791 76
3889189 43
1148035 35
4529484 35
5111618 61
2714754 84
558746 85
3177803 60
3137814 9
3193358 46
836024 35
4591657 40
3133251 24
5576300 34
4178300 73
736573 19
177662 10
67280 11
4545944 76
