349808396
349129
2005
67467047 46
136398441 48
326034094 47
256097015 38
259963605 5
259783521 79
261606808 43
297633384 100
199054225 63
315831819 50
309602008 56
294261700 43
295248706 5
256359191 5
310818965 57
306164781 83
244408337 95
157982391 53
88107085 36
95414297 36
138952629 24
70268201 55
197120058 40
309054157 79
106367374 64
158246908 70
162012918 54
16413068 61
8515138 82
61725948 86
320088261 19
192969355 90
227011087 45
123990336 48
199913333 39
266561737 10
88218878 13
128544834 50
223427270 36
105696579 13
301772095 2
185265172 12
83812867 69
179634215 16
22841889 54
154154770 20
296871554 16
96418645 47
13486440 2
205906677 87
146121450 45
49363516 17
115082440 40
130105190 75
225054573 49
68505854 41
1463826 81
270131438 3
200056352 43
251517751 82
203337090 16
78852160 18
88371016 79
33005794 11
349424255 67
304956135 9
56792214 54
308753952 100
140989891 3
242573087 15
47846257 61
51536827 26
23779647 43
72693524 66
82855670 92
70616514 71
89916250 96
154296088 97
329349944 72
131831238 90
125026464 25
290243683 51
112630945 86
237568302 69
219459074 50
280637578 84
75753121 17
251863568 88
340319869 35
312418056 66
132143463 54
64531738 88
103506555 23
7982809 42
339872385 16
220188191 89
184855119 81
26472498 15
213910499 72
349602136 100
112412170 43
288823092 5
152828466 34
214452903 8
315061263 22
312476154 66
9376772 99
343772711 31
172765624 99
38117624 58
142247947 90
6990710 75
85336446 78
85058558 61
310001012 38
346470312 87
161144512 32
66784649 75
238950894 23
130626845 38
208929234 24
307366071 92
103388242 61
4547221 91
339753672 90
53859957 55
74951237 1
336848936 69
218384271 89
317750272 20
79458709 90
325233810 17
88950909 19
293342659 45
69805801 47
165055468 52
262319163 7
181964990 10
252639765 1
184946915 13
342368307 22
18942061 33
246425024 39
32859287 31
332674928 95
263915821 42
286304128 97
129536396 55
41419750 27
231983636 3
104921035 70
273117203 27
290049580 22
248797691 8
145734334 37
267251887 81
119867286 46
36341416 39
172289514 55
220061165 59
37631924 49
117815295 13
74032572 25
13727177 95
286912297 94
190515042 25
83232004 1
301005243 71
243489156 97
151206831 88
3528361 41
336043554 73
184285163 50
343902927 52
53610696 15
124770012 26
270812453 91
175047732 19
278083458 33
137181906 14
274357148 94
323272917 90
240076849 85
176322143 67
143825607 79
308575422 30
59895563 92
64469606 48
103143845 62
140950867 13
348872057 38
190247787 49
349253773 6
18215260 51
235254224 77
329007282 61
295963865 39
15274845 64
150978797 3
215994058 29
138316243 52
145485930 85
153661279 16
118862875 23
224436051 29
229310439 15
242313399 26
343591226 57
35627577 12
114190094 85
30157170 47
328634715 73
23987950 3
26855993 11
330305229 6
79174549 78
215839031 60
282878992 51
321849259 65
323122745 27
152727448 46
141838779 47
197782058 31
253272181 73
288402145 98
214674315 85
191466016 31
134883589 14
55797260 84
293645409 65
246192916 86
300245344 5
201828126 77
255002066 80
177689276 27
31751947 64
94491445 24
17712971 36
302560077 17
307382290 49
199812258 80
41648414 53
100244284 58
5819909 86
155005497 77
28479238 77
171084742 94
207601652 25
342679613 15
3030808 1
69283013 52
281549789 47
138063557 7
197220026 43
13739824 2
82817318 86
92425353 14
77787256 70
192187685 85
248348085 58
242978326 47
100521166 73
75224660 1
292952309 40
4876347 29
222929342 86
7369929 25
28852253 73
264593710 55
187515608 94
163235174 9
279285270 74
94248951 48
115925292 24
40114508 96
107036738 99
229818404 82
134118779 100
117481997 83
69483730 76
275471605 13
172909103 29
309433574 40
225496586 87
232513589 29
290702533 99
34490984 59
135462161 15
16745833 31
2642896 55
12203977 82
192622913 6
285411495 55
29763068 62
116210901 100
291862087 59
81209345 49
347613124 21
196182631 76
273775228 51
241910542 23
125626162 24
304714198 52
23181977 86
93737087 36
28221124 52
13105615 84
204153107 54
198228720 64
205040338 17
313430115 14
63217013 22
9763679 67
284685233 68
214549015 13
315011106 96
118630747 86
138674405 57
63694033 71
24373558 35
120390653 63
104450577 81
239070349 8
308251793 46
238602853 71
279843834 47
139490370 21
160884811 32
271670001 78
99655747 11
198710912 12
328750615 36
42878522 87
55343809 56
311730077 9
315061825 14
89126139 56
240835635 93
106723152 61
221750696 30
333151679 8
266671935 28
104593235 88
85673705 54
305962882 18
233684921 28
202615513 10
51559387 28
29056613 69
306413705 12
32238000 36
191788464 9
144385885 12
10867608 67
319661685 65
198297185 4
287014800 65
295574332 100
61888248 40
11857276 26
254505839 68
130288188 80
346759815 95
12917269 60
323858962 99
71159221 69
337531920 75
224764659 56
111279927 38
157238549 79
175423952 60
49265951 27
123503184 20
236701130 34
243888875 44
209587028 9
213157715 16
240938437 40
269969104 5
298874671 100
25065748 18
321983421 82
102122139 39
180809592 12
100499642 36
171504095 9
75370210 68
155134309 54
260609793 86
109072644 44
316364098 81
161818957 78
338401601 93
152429485 3
167938177 51
108382967 44
151880724 90
104009803 25
288594514 60
290155520 56
168070291 98
189048749 43
234442452 67
84863252 33
14136888 79
108039819 43
122977257 5
179205404 26
150225583 30
214966417 73
244315212 71
19529928 42
264465165 11
241094665 72
317860449 2
161020356 14
312139760 75
326812513 5
130519620 4
254374832 41
142988957 22
217474971 72
307988867 37
60134640 30
136683764 87
322423893 15
273756600 4
310426564 71
210593828 27
307279051 82
122555585 97
176951696 93
174701159 55
16268017 74
78931839 94
196579103 30
268257608 48
51502004 14
278868828 47
93134369 69
79820518 44
240993909 91
91226896 24
339408797 30
265720678 54
304005286 9
3770560 91
232915113 78
284083082 3
275321510 72
103010166 42
67813645 96
182883703 60
293136704 1
149215682 47
301852138 38
127045276 12
347105154 30
310474357 28
16485112 13
21262103 78
49748090 65
274067330 39
22600440 42
158938285 36
349599949 41
2977823 55
197517469 15
168760338 91
121261004 94
189244293 54
314597562 23
70975444 90
19648605 94
127958560 39
57496422 32
327980711 87
164324764 21
284088134 8
147274681 89
177685836 91
44419801 82
183396757 17
38664462 58
232187436 64
111942356 42
310080200 66
164019343 16
26195894 17
1650658 78
132434739 28
66263423 51
341164934 67
99667302 71
300108170 9
208121209 32
216310690 45
238817189 22
36659867 45
3254005 68
335822772 56
89386433 28
69751852 100
224094283 15
335479572 34
277786946 77
7123728 28
47159290 98
241435554 91
266095462 2
309395250 91
324907869 91
300981435 29
191245445 71
33780383 55
189793348 80
249897489 86
149829175 92
122887298 84
272533217 85
21800942 45
167032561 61
196247989 88
50393275 50
321109307 86
303514818 77
139704491 96
27107424 44
176192177 60
45354925 44
160013047 45
239833124 98
270217289 48
158749334 67
327798757 73
82952158 61
168215929 24
171441167 91
64853962 70
146592670 96
71309366 84
260951911 85
137699681 56
203387574 36
277390898 43
312368054 92
251245297 38
332557812 35
81021383 20
46742633 78
37007200 98
84149392 60
26870751 13
259980532 19
146930544 71
140465377 53
233437182 63
189961988 28
107381786 8
119352296 63
150770634 98
126703041 28
261312148 52
226105274 39
124624116 12
276832005 39
227084461 81
230415119 93
344079454 10
343259151 86
54913132 46
316249767 62
75605967 96
209619066 26
24492214 8
320788087 69
91648634 15
244436140 28
251671972 80
244043182 45
262144687 69
128512920 41
16349300 37
334831769 44
166743035 66
274977013 23
30611813 78
155187110 32
318805230 23
344631698 53
255317671 34
205272075 74
342966960 16
179678288 73
107799928 3
319414044 53
332792130 3
82191544 62
303095487 16
22017101 93
223710622 13
340919354 85
64130314 46
309243251 53
5066235 90
28752422 41
225168790 35
155833849 19
32403380 13
225503050 54
76844839 91
310547097 42
162840950 29
139982249 56
239550374 52
119049765 56
218991659 96
193117408 6
84938012 89
260592838 37
113320709 29
134369851 32
316235882 31
278778916 79
239263327 62
78264161 72
18344108 5
97301022 83
209109453 5
128170962 22
89244706 39
79672508 45
139301097 55
148614193 11
290379411 41
301619490 88
258126042 46
243325735 53
167467788 46
9546221 90
81458710 24
286442840 37
74434727 90
348261783 92
70865947 41
140004305 1
294946286 90
134298135 67
105587069 13
40184104 6
175946858 72
328377339 62
165380013 33
124923000 26
46186831 4
189925920 90
93081918 34
55310892 18
38313922 59
290632306 27
89658286 67
170104294 27
120249077 86
104116247 84
6441181 24
171109457 51
247222406 88
76407022 28
34598755 55
182901095 60
54354890 43
132988388 44
25194064 45
266229274 57
338173889 76
57780777 41
269103043 43
104103195 62
313083146 67
14761415 32
182786703 15
119045150 51
189455163 35
36654012 7
258437259 38
181728053 58
196124912 37
279185024 22
48637660 67
12237184 88
109491809 58
106040435 25
40634266 15
56512387 89
93856911 38
9123230 65
317329040 26
220373957 30
146514645 87
117409260 90
61452868 87
207537989 16
25407983 35
337699974 58
228166693 42
183193462 74
308382099 96
120490123 58
110667162 26
113166019 25
287581791 64
231404371 57
147959955 57
163579292 57
223847237 57
320388829 90
300373927 40
166270803 76
1254401 21
31759393 2
293924818 45
346344727 32
186925877 27
265541992 12
19630802 69
250950960 51
241069276 9
322979624 38
211041658 87
3574915 50
298347054 97
287717242 59
217330992 11
178935151 64
10035187 93
157260727 62
234611684 42
50005295 26
314015656 88
165914210 90
92156775 98
336323521 63
8897480 47
60780285 13
188317017 70
262986640 32
264131987 52
263933774 88
103179408 75
287271810 99
140268374 40
11355908 85
101314209 63
143524908 6
218064275 78
99193765 78
288414566 99
218829382 73
170422227 20
271956356 68
222722575 19
93521795 72
301269671 96
142826528 50
100740560 43
243776943 95
171037781 55
122342847 97
196942705 62
179165762 68
90704134 41
175478566 47
340575351 63
183966522 86
77796281 38
118394568 2
109743876 66
195052936 96
68662663 84
53527280 2
43660984 56
84700687 12
33298255 89
102438183 89
240376169 63
201210986 61
118046728 13
255844720 90
294730087 77
207390002 78
331946136 6
291146562 2
78863085 43
223159278 22
55166949 20
342261450 42
61604393 65
186077045 93
266888990 65
228476834 37
194169700 45
269297216 22
76551503 60
63748404 66
201985690 43
212508519 81
296579950 24
163725695 50
256648581 37
90428736 32
318254056 96
114182945 48
36060709 80
22302735 74
341025276 82
264176725 91
34011178 6
31520408 66
88474446 67
263445837 14
33922243 8
65879091 39
60363678 36
42855400 16
117028477 80
173611477 71
231129272 72
247839379 98
208741833 17
234905572 76
59138946 5
132644928 23
154975425 95
44274530 26
8385841 57
210403597 70
286351146 42
72145820 34
242172902 10
126460283 100
118462210 86
77568216 95
198155649 11
8145529 51
71414648 90
303366249 56
50114516 45
199243888 9
312576737 61
216131533 50
206085791 23
138330668 77
54691071 97
50317160 78
211777971 15
268257229 42
302458343 94
59365827 35
333693551 55
268323741 5
211636874 15
26513408 59
255116172 78
76110004 7
101732670 80
45878639 95
215775845 79
245370720 22
323489464 99
213689172 45
87289960 50
191872731 92
200804755 76
45881781 41
282319156 85
212667616 68
26862171 44
245677585 70
124466893 69
234354647 93
340031314 29
45540365 80
213749054 43
338293431 82
302151923 14
233076821 43
299343680 89
246689134 39
267859052 61
315326507 85
255990337 44
263293636 2
107570428 4
211918582 5
111919423 16
195368590 92
129318428 72
177826872 70
96987546 30
162965104 46
82546993 7
54435836 16
196835385 96
17525448 18
91989400 28
144351898 22
39248735 26
118204391 22
56530362 76
28113579 53
331829759 21
166452841 66
137958647 27
239070038 79
249555186 82
38504140 95
279755481 83
220984846 43
13447234 82
135887339 9
53144998 6
178711087 34
268783630 17
180533315 9
330192440 58
292745021 34
292103086 94
299080948 37
103060242 83
248491556 78
277123333 17
113107397 66
212628615 50
105168300 39
336281187 85
27710740 43
165639490 90
228322832 40
341591908 54
277043335 74
53305371 28
67100416 39
177288731 53
90311702 95
178020662 85
177489833 7
67997361 92
257600210 36
326722921 86
181091279 6
83819563 35
244871762 18
10981538 6
159490818 9
87663499 56
348382149 88
288810247 13
95076762 98
341103762 11
129109399 5
24112549 76
217078157 76
311190372 36
340389041 26
200008 28
264911989 52
42554167 73
98958188 81
29702792 70
32566764 51
244640724 35
236361939 69
46827178 64
333354433 12
316682348 35
156129999 53
148302648 58
108100040 34
157010175 27
97773992 52
79991204 56
321593540 3
160547577 3
10580160 58
707184 99
195297422 96
144942284 21
40423660 71
173896810 49
188705492 20
214232756 20
54008815 86
672118 86
318569651 39
41807813 78
91606951 62
68687719 25
118604176 71
297035550 80
106632697 34
265271884 33
106357031 31
252935228 68
203052205 45
290485055 8
252167150 12
327019405 26
116559840 19
97617027 82
259098950 95
222035202 20
41955079 46
51210009 20
37983816 40
227837994 19
109335081 49
222260633 72
113830826 80
297553421 81
25723281 1
120612245 47
109942248 81
121967403 75
127422974 92
86858453 3
225647057 26
337954405 58
234147315 100
271587054 3
112373127 77
7653472 42
42260934 45
296303002 30
225733945 86
57007655 65
131543116 87
115577695 54
281880214 12
187076292 55
280610704 99
206626116 98
90446919 16
44033533 11
96912227 92
25574615 45
56040731 69
157576169 14
1928532 59
257238856 39
86989329 57
81907155 39
347452273 74
109797800 85
233838936 70
302772245 88
142593889 26
160218691 67
188053985 86
80589735 80
324311654 95
58100584 30
148812209 30
98412877 52
204712109 71
163007884 96
123275931 48
89942104 14
154621573 18
149949407 97
228700524 84
294212193 59
113610424 60
330940899 39
14084395 59
154832960 75
268095618 29
301358485 45
191928730 40
311715728 1
46401695 55
89175266 40
59784299 49
255024815 5
226872854 33
6778653 24
241548128 28
320504247 68
310870753 47
5289667 54
77466325 35
100963884 65
212254190 88
153072007 12
167232419 67
277162284 23
21534462 85
134420284 5
215294645 49
72488224 60
138334268 33
297804735 55
202933304 50
133874361 29
126026920 39
186367870 37
231666117 6
185853706 48
99962363 2
66104629 75
44470662 41
207058647 72
310475177 93
267026702 8
213950460 98
205744362 46
219152137 19
155535884 92
228318999 81
43336096 88
83743387 39
133667521 59
83433199 91
306446069 5
200951855 53
111572544 63
35454790 77
118708693 3
89630842 58
146602154 22
279452796 84
200214069 7
185275856 35
294461830 55
275717834 41
256893225 100
250500751 78
60625027 49
34198334 30
278576929 63
333517410 97
98629889 51
200719233 64
48437024 1
86559610 8
314264749 10
101163534 44
1038748 26
127301418 61
270703289 96
320563028 92
153319652 43
236167943 4
20729918 71
117602899 95
154140736 8
49565113 17
295692858 50
82515552 30
11575611 7
194779397 89
294011270 20
14169318 74
27391816 7
164004889 26
271440165 78
278603901 87
329934188 43
259509172 58
170753066 9
36850376 68
174126080 20
344341158 80
230919145 10
133236847 38
52186522 97
311332338 17
206548400 24
248661275 11
78056332 51
72289695 76
250846273 90
222444907 84
265199924 7
65360709 39
308632749 34
327256577 70
280958162 22
78178155 33
132516435 98
238911267 88
346105490 82
68275355 53
257838575 65
89854971 3
108493884 86
113315346 20
31986046 73
195614836 72
345779133 87
151235891 53
165409984 50
333537785 11
281231905 28
214594076 31
316038972 78
37969293 26
348656117 28
11957448 20
182884597 51
140759396 71
3212209 40
43221361 47
151607671 57
147616949 8
312844550 18
102103595 7
317912745 34
309462483 24
179433275 92
324145638 4
285321443 20
173341822 58
273382904 59
67131969 28
38889470 53
92134945 75
119941907 10
74764172 43
190966907 32
267547986 24
324652118 16
112845791 20
273049241 9
169007976 44
200394324 77
42044445 25
74120282 82
201009346 15
137930586 12
287145479 50
73198008 81
157768177 69
18892682 8
17981376 20
118766402 89
112409280 95
349071914 1
343051023 72
344940066 84
326003512 73
85851055 92
314872276 21
322482746 27
118663153 30
143176119 1
93951372 79
7743009 34
87265862 78
71158706 95
62596474 15
268763238 35
270562444 42
35130337 74
343226712 100
31029714 87
215691940 60
171672506 68
330783771 34
148998510 90
19192564 64
235893155 76
295477296 57
252263658 52
57281761 28
193442446 89
145138851 5
175506566 17
137642020 93
76550220 3
282306693 29
212248370 91
200151419 99
344680947 57
164799168 40
150568535 71
245873361 90
15562192 31
258985135 31
329602391 32
152125504 12
176200404 67
124245861 92
298023120 41
51680143 100
192518257 42
124084920 34
137408366 68
120900286 48
188109409 20
286079269 87
198733586 39
18374704 64
110352565 48
344192622 82
283187216 95
177037616 22
335160974 5
291410934 35
196568100 57
68562434 79
187228527 58
68936486 30
165337907 98
172594455 7
307471294 84
212478336 17
218688007 54
249237732 67
180194987 84
277516790 27
29750438 55
89590307 35
99405108 28
13943232 10
77354159 80
2102437 45
275217284 1
58821062 8
267276410 97
60614705 67
336827596 40
133488300 73
75344173 17
316765701 49
130489462 18
41112684 88
18635569 39
63931329 89
169778246 96
262682846 36
285734775 20
12911889 99
35763977 1
62032959 4
51768914 41
249017658 57
197992887 48
325696639 78
216771546 85
237948453 39
223472572 49
174517735 48
18153880 33
46239307 81
153895565 35
56298496 28
211569202 45
201791344 57
145738299 15
186746931 50
285884913 70
245183085 28
252751790 23
240571070 66
179701915 47
43970577 2
309060773 72
290938898 82
314137726 50
123780313 55
38700350 62
224920892 86
186504215 51
220627623 68
212877877 86
190714884 71
258225372 71
214407682 47
101491790 52
31813670 53
336555822 95
73492465 18
216532576 88
219782474 28
237872936 53
349063369 30
112779862 69
334216527 46
307672952 93
290373277 44
271853118 13
339930726 69
282347234 11
283844760 54
71597683 87
67135584 69
225678883 83
203860474 60
66531688 81
155477792 58
288181830 75
49926870 30
290078050 60
61293500 60
186392291 56
174398448 59
74012009 41
316246267 39
263649432 74
181497800 92
80427352 66
178233469 70
149531438 19
173754006 79
262478266 38
286127512 94
40834932 68
213316330 26
136844267 79
179153203 67
327505699 90
30778535 25
253512731 51
80022586 22
175822289 65
15834810 49
8537904 60
226239613 48
326136410 69
59704007 53
347959688 55
23448704 42
114896053 41
281969933 100
102744970 7
288011248 14
6116832 74
297385653 75
297069526 30
341917388 77
282934181 83
332069502 4
22841674 63
302656954 14
73730829 98
252223355 92
214493197 39
130652456 10
134641732 81
264263732 24
81760363 91
50869396 16
29416601 86
26280267 29
173160357 21
252308510 73
141311556 17
289630460 5
200463102 75
92605801 14
306631617 32
29069508 72
150615886 6
69609224 22
108731414 74
182860182 5
195667289 67
330788999 25
252124129 93
209974907 39
180029236 40
238300198 91
347205098 38
242686207 29
339110877 97
76258449 81
1084046 50
206445191 16
12565881 41
284203772 72
44719335 60
20819545 8
135311410 37
65442077 79
71421129 26
274517395 19
258669643 23
156469019 50
254789173 11
299468932 81
76649321 3
328219472 54
292415284 43
308366414 5
229527819 48
152781033 76
175613178 23
312346335 21
25303226 77
201512694 10
212231494 67
225056152 29
98104340 58
51513387 30
220039523 3
207508699 77
218860801 20
39644604 60
297989322 22
129876616 30
298596492 58
313653184 40
273684828 72
96720747 75
91600218 90
194554477 35
95614627 88
162636618 57
149754122 57
5521499 19
299763392 59
221167811 5
39305244 3
48380552 74
187112693 83
94920204 47
162349791 91
345274661 40
343219254 28
181315338 51
121217722 20
125215148 36
319073174 8
257453937 29
161493865 47
205158083 23
179083022 32
73255022 26
287530265 49
340931558 38
207867483 43
224188298 80
330573203 87
116902037 19
322255472 89
108481458 5
241050238 52
254144311 81
295268810 50
209383426 25
206053508 82
40741349 48
75981736 20
91726101 85
339029647 14
121502299 56
322658539 26
108560410 67
15045573 87
10359558 58
221538071 18
116914206 97
136130483 54
201636181 66
103339673 71
183904762 41
266167752 99
348890133 30
199485475 63
344029870 99
196227974 11
226852791 95
235755582 48
184592776 44
259038697 4
78577158 88
32874929 28
238933385 97
58013114 9
11491655 33
90914100 58
279500082 54
255705977 6
103818642 62
125998007 61
32290552 58
127274197 98
207408831 12
326609675 5
141023975 3
316991232 87
186138863 55
182334195 15
128855675 8
221148118 77
246965743 60
93196961 10
171954144 83
145854787 66
8580730 48
159399429 30
151444825 72
60765569 27
263050745 13
241652548 46
135403169 25
120005588 9
33320486 17
283738050 15
52814705 45
300720000 22
278265108 24
228997284 100
286751039 3
19875944 43
67769657 23
261922416 91
119570964 59
196719704 69
216007399 96
271070194 79
112377484 39
96113126 60
78952150 77
215539 63
175175311 89
253776496 46
321144878 97
68831588 57
280075060 23
110871672 64
331580251 79
233341602 45
247586746 52
213420759 31
47770274 65
271161065 31
321476352 65
125801965 98
58710303 3
246675118 17
85292059 74
65733923 56
183572436 14
104611615 78
293630054 56
67893895 38
122230663 74
250233098 23
20151544 4
114023846 37
291542391 60
208444847 17
52526632 63
156789989 82
159204903 67
275879119 14
203100098 28
87948921 18
108504210 58
206205546 60
190466331 5
304371187 47
158050365 53
39199665 93
322768988 5
110968248 85
92919745 91
320027136 33
320634257 42
272258920 26
280352872 34
237972850 65
120497774 80
215551556 38
95038577 11
117221625 91
51867963 62
18084191 21
15755966 49
123866511 43
117219353 19
305764123 68
50482196 46
332397813 48
95910729 6
126373378 52
215923219 88
292514819 37
71899139 68
178410168 48
63409514 19
187707163 41
86062282 10
69986870 74
182208901 57
159807241 53
182614557 87
119492635 83
80379571 5
141433763 51
109495776 5
248667760 40
276077439 67
93473384 81
89576785 85
312287021 59
181702129 23
203591289 76
62254426 67
5357925 100
265835680 95
346011028 52
218863721 82
56960568 12
338735304 10
112287506 19
125112655 90
315665501 37
269597572 13
83442055 79
209642454 65
227243093 62
271784746 98
336743550 96
175241119 35
276533307 46
101756727 48
98017297 47
226507964 96
153084333 19
52000422 51
345620470 40
60998282 38
185692989 56
178407397 70
341480646 68
346198464 47
158442000 52
317552077 40
1979085 98
48560510 32
220645508 9
77083539 5
146336433 27
269729428 71
257176974 84
339466214 78
229495313 50
289763083 60
65108313 54
247255401 40
158167373 61
218297340 86
188479087 6
16065197 22
227487637 93
91507924 76
14453605 66
128291564 33
62930473 56
230111079 76
249560422 93
65721602 36
230625223 24
337158719 12
126776819 86
47438383 24
11295209 1
176245494 31
63940732 1
90006950 55
237370515 9
80883558 93
67378899 86
58550132 84
284997568 82
171439176 52
185533982 53
17049142 49
94819509 97
168937805 6
193614722 3
28290293 44
344010436 31
210842331 9
251992312 44
313714356 64
319295965 50
117010071 20
115336902 21
230788184 51
159107335 30
78258514 12
144699045 13
249534668 73
305466753 80
273634790 41
288262490 74
127639837 35
208978414 1
49002571 94
34866731 4
35137461 92
80302838 66
11799818 20
177042344 64
84370029 1
53930872 60
86366581 67
135688882 41
198429936 77
289399532 8
194420479 19
144169901 46
339348797 47
191574603 6
4273365 45
284684602 21
132016308 17
69305074 86
195916652 22
87547492 98
333892238 44
274669993 59
332879397 55
271808287 43
306979632 15
24818518 99
104567978 86
130885117 64
114693582 16
268301711 21
48138342 74
289055307 62
214742452 85
17354188 69
259223157 90
215750848 80
100617230 12
176639264 58
72995469 36
31360723 1
255649030 59
88616985 96
216407718 84
45110945 59
225087516 99
166020873 87
311616756 3
325115447 49
23024367 25
156463496 33
153827304 90
303668290 32
272230464 3
106649653 15
305276899 25
319735073 85
316627147 68
39890260 42
326466207 75
218281817 89
25997570 5
73227667 73
165987121 35
318310275 40
290569968 13
224616576 26
168533792 36
204376790 36
265207241 18
22866229 73
108329363 73
235533070 35
331226651 77
239466134 27
97816916 27
233803118 50
155205355 48
257590100 41
317336783 61
285704344 35
135876092 44
169608562 34
284995995 19
37324333 1
324987108 71
344592274 84
331474389 57
236999776 68
27959807 9
284384087 63
174848825 61
14843348 23
326031328 46
299714644 62
139567765 4
227609208 36
148787372 32
210508694 63
213220545 50
167621007 39
2367928 22
191045308 64
261154529 26
331521143 37
30479395 91
323684186 7
152679779 87
304105681 3
55642587 99
50130917 91
282489676 38
226472868 52
193479420 66
141606492 41
325470513 62
186431432 70
256902790 80
267645475 58
283447664 82
278033930 100
117263578 9
218279319 65
309945066 18
11795160 53
131210925 95
226010715 24
202330171 75
194515148 21
29943643 49
192329685 20
21044053 89
114433912 27
261563811 34
272376666 61
50725800 61
217476994 10
70349336 51
110692253 83
164646985 57
321006197 51
189201371 86
282751148 17
163416505 62
184836543 66
58433019 71
33542225 35
200120933 68
236774809 25
232584386 69
121776074 95
169494365 71
125437673 92
44903707 43
321014613 95
363405 69
221458485 71
193904786 27
276278734 37
206725457 2
250513244 26
186577597 95
87453318 18
237205158 35
110016433 63
286930975 10
337379055 75
257040663 60
111756879 8
120715543 55
229896316 62
3931103 77
248151590 63
20442729 45
331535325 54
48984091 78
299066526 96
279470315 55
205599570 7
210217676 49
161339116 53
19330805 83
135139645 89
141920779 90
298780846 57
38969266 31
56119609 24
211235686 10
341562123 6
217780654 72
110412454 24
278316095 89
268600469 74
135199963 66
105264537 2
260245408 86
11932329 23
334543860 37
253963194 98
151778232 63
272719029 82
311794787 89
169208270 54
