322214811
182078
3531
166669935 79
267162769 31
168379634 75
315214685 74
14532853 1
210520535 96
71124692 33
113842360 56
220963034 28
265058263 76
82180002 76
16490365 64
250324737 73
114089978 63
30190767 100
286984572 100
255651941 8
71212967 93
262545535 99
59658754 9
195300655 23
295171283 13
161805526 21
195221614 65
93249708 34
290132122 86
282887552 21
102470615 72
232138147 35
79782095 94
91251178 46
11161027 97
160786610 26
157207856 60
112521738 46
313404788 75
170164994 47
268730318 17
31738661 1
266802738 51
171591785 51
307505624 75
38027338 49
47274598 48
183946752 90
245069740 32
201576338 3
142141266 22
267705660 60
181550824 60
43863708 78
159070295 29
289486519 24
8689688 33
96160999 46
27266982 90
54084143 68
56539373 52
75337489 8
156599180 41
29344353 85
225602669 83
251891544 71
23399664 56
113515363 4
186072557 88
275015896 48
52310629 21
63110834 93
191780229 3
256192611 12
80557687 10
128135467 46
176329492 66
84527447 11
251546095 99
108355702 42
246863750 78
32654570 36
154228576 50
20898584 66
210547030 45
234016536 51
144483073 52
264776965 11
45538692 74
60085518 59
179272527 2
178037928 88
179141430 9
41613707 43
217533581 85
196065989 42
166701370 40
37484756 14
186563327 25
111206340 48
236462444 78
186367993 50
55809067 85
203956440 28
58307716 57
64555626 87
148771057 25
155156436 52
249835363 31
20211540 17
310890297 47
53301994 6
180004602 67
119434083 26
109561417 50
321223763 79
180677620 55
118050402 36
53898426 10
262457761 35
155720490 85
189955366 17
260327177 88
158355150 76
134881368 57
202315896 40
287149358 53
164803220 53
308704317 68
212297112 31
123951959 31
206777693 49
233128062 7
113685050 95
1289793 75
225192775 45
67650264 24
231500114 10
98960902 68
47748033 80
143632801 69
139953050 97
309233431 61
95382295 88
125428903 3
98999431 2
35658329 81
1346810 21
51140334 10
238962513 3
117892529 46
69412393 68
297744887 45
287266730 99
168790721 45
309463818 42
298981736 62
43708165 98
210829080 27
151066407 12
97813899 32
242051743 42
958954 41
98157477 3
275931345 68
230364126 39
158791997 74
25189640 1
64669370 20
162061067 89
291475479 42
20485987 30
206655415 12
286820094 79
84981327 53
100614405 17
128559001 78
122408153 67
116920812 59
227566515 81
164068477 87
222931512 41
114770847 6
175421074 54
136965811 5
22067272 41
121534479 96
165399302 97
256282713 55
146117085 71
172210137 61
187128317 24
247023784 8
260342771 51
16624390 14
214410722 64
237335844 49
66814707 5
47771556 95
171865440 75
279296701 59
253507737 78
297681916 90
83489919 1
125717296 94
114415177 15
136650346 22
232460910 33
241631742 70
71850963 62
53271063 23
302558183 43
260446069 82
4171730 87
225483650 86
315009784 26
156456356 23
288612445 14
20795273 59
18702443 99
3219465 61
297851478 100
179890674 26
62204995 12
39463201 31
191120271 18
50239450 8
180823660 90
154296849 73
41863354 76
296795941 78
286101300 75
306481445 19
70503576 12
80662747 20
151218045 89
237155610 67
314434790 7
12307839 48
76606491 47
158952043 5
204439448 67
183299712 97
37096632 82
9691145 35
66704656 42
93850364 98
216524367 8
311575381 75
188729706 27
254010742 69
112769669 19
92995621 18
31003791 77
246769762 5
207207433 63
23882353 30
12991205 65
252500224 90
309289719 62
72472024 4
157706235 82
33419566 5
160385066 32
305258847 19
127814881 22
308986543 85
53901992 64
187064441 82
97707956 20
119292361 44
133648962 46
300232908 60
100996288 45
211887382 28
11015254 29
149399646 86
18759172 11
137129617 46
50784020 59
185826712 46
134515065 55
250418320 1
195996346 82
169325282 81
278525377 28
302345138 84
67412239 10
130463060 61
277767568 49
222202145 57
126096718 7
113673737 53
171691752 6
244202491 17
106323986 14
169126041 73
256694803 61
103061008 56
29730452 16
255038616 51
78880082 51
122238555 73
141200483 52
217034086 43
26620070 1
76763547 13
110014726 14
251696811 24
288878257 25
230538430 30
49613281 63
118079868 72
262866521 49
270415072 10
237629779 12
137722132 85
147649488 76
116201295 44
19094457 23
162768352 94
18514822 70
243740746 58
258365824 56
92322700 53
171923832 96
10018665 90
60752855 87
239704867 56
283097709 59
217854563 88
162745386 21
197836672 97
294922098 99
187545227 93
270298886 27
27579764 52
282022472 35
233322576 78
55650590 21
262872953 97
197496821 90
74761310 50
22136150 56
268872549 86
148289582 8
34925486 41
3325282 99
274401053 45
297937107 80
97503428 41
133133924 69
315607273 25
34494884 73
250736384 25
259700995 28
269229742 62
187370994 10
290950377 6
273383521 3
77058394 52
110212651 43
243331645 10
226272941 55
155024079 64
58698157 63
191469797 37
109968939 63
165064114 88
135797781 53
56875429 22
257287501 6
178691048 74
255838041 7
162666061 24
281781994 23
306868836 6
55406078 37
228060459 49
181347140 10
61476207 43
52612229 22
285553081 76
297325417 56
5336387 92
93432667 79
77547113 16
8945341 60
240732823 77
112220703 12
207301035 49
119546944 84
173937576 38
310502862 76
106360996 47
174047761 32
189806777 38
652985 4
127961663 74
163994717 14
43037976 9
256132322 39
257420413 42
196307844 77
203828746 16
252599899 35
54769601 5
136158223 4
14717421 2
305412086 87
140879310 77
245390481 32
192326796 20
37569115 13
63691725 19
73479446 100
309860748 60
233313622 7
119852733 65
33086325 55
110132265 5
113140533 44
98774381 64
309944502 7
278839463 53
178311605 100
262029041 80
168561162 25
107933910 89
202870604 64
228713249 83
108698051 56
284254572 33
274927648 32
135649964 60
88486894 27
4328151 16
2202944 35
253010966 22
152517932 33
200597135 78
181111658 12
192958800 89
106780184 52
14193156 70
113375138 76
74445232 89
115792224 89
107250379 7
193658366 42
69128710 44
12658723 52
92629256 56
95166976 3
306170623 4
61781887 55
50649623 47
304815359 56
179575813 85
118563184 14
200397966 51
286079948 50
147698486 75
310386498 59
114866381 46
104815059 23
273758416 40
104854596 67
116049913 42
263469015 60
205724802 96
17746451 66
177904634 58
119869778 51
279664818 57
83143942 42
182015911 90
204337641 91
210703930 53
79536442 63
313569203 70
159104861 96
239740796 78
152032830 47
178382696 51
251309469 52
56276255 5
83330054 96
224588808 83
5778512 33
209586374 20
292612178 55
251970403 90
36544161 20
14888840 58
214974711 17
239205813 5
14886158 20
150574337 57
86986631 30
195634340 97
179416357 76
203669809 48
90153156 33
207879244 55
76183764 92
145603735 96
171152888 56
175006252 29
310940385 48
214437084 86
240201176 62
784981 84
75902287 93
53734464 74
1172433 9
281874192 6
188903596 24
302686005 60
162016804 6
311351717 71
7003955 50
85729671 30
213821055 62
179403552 26
219236358 95
263996806 49
161539921 84
261290982 90
271134505 4
207599930 88
32100638 54
176884944 70
8294390 78
30271713 59
238473650 4
100276026 11
290595513 44
91503162 73
295902848 71
221259024 3
10223651 73
15309344 77
58277208 36
112170397 9
63369140 71
302479149 41
268654958 25
6662526 64
219910351 83
195419113 11
140978569 24
110255683 34
201943890 91
243640096 25
128974300 48
131593205 53
278912419 98
300100110 84
281465209 60
161300251 20
243479259 56
122545902 4
183589753 17
234320480 18
105815038 27
265519352 50
19390202 71
19987766 47
34887853 89
255070208 45
40405654 58
138394626 32
178138199 33
216773667 1
69301046 60
138999191 31
217795650 37
202716206 14
45573321 91
44066966 41
308541100 78
279062321 18
246059418 29
150741982 88
23631867 42
108183502 50
134322605 90
128782147 68
90728919 84
154327629 86
20459093 39
155881242 96
221684088 83
96526685 30
308052891 52
232415904 4
104036278 29
190663901 8
263583630 19
232350277 21
223154365 6
211219292 88
318872082 97
178637990 26
280007056 80
126592987 84
248351469 80
285360671 89
275476713 62
319757610 76
237175547 12
231231816 21
217818598 31
124575180 27
95944138 76
92760203 100
161470803 41
303318804 37
41444415 28
304425876 37
94389247 71
287803701 68
312652562 7
81142834 99
32279995 60
294173230 23
302676986 66
69454356 23
300782628 63
36064966 2
300732349 84
211407171 49
109484442 39
132680870 73
320422286 36
1396996 15
143029722 14
200372101 66
180201001 22
142355720 10
224363695 100
295388290 6
61651014 100
56523964 64
119510424 62
275210843 87
117541859 72
288186245 48
256915384 77
78518497 23
203554238 20
174597172 51
222120949 51
289351099 21
143136457 40
311914252 7
171201736 44
54709817 67
284445653 3
312825531 77
153709867 84
300747189 15
74340108 39
118143391 1
25824593 47
15593800 43
11857275 11
73246257 91
193292789 36
261283610 76
73872811 67
105461812 97
261305884 5
150202592 99
141579528 99
305910542 86
142985997 24
112841728 71
77808652 83
125099453 90
73393730 68
272786242 23
160953851 86
6301179 96
293524783 34
276933047 43
200809025 26
150914432 12
117394855 32
48016475 32
108010459 56
106788164 64
236134122 69
136407338 3
22240879 92
107881794 21
195923894 59
95136280 49
181208056 64
80060933 71
14526810 93
180649093 69
99326606 8
177354927 12
124929277 56
256285498 32
14060536 57
182455922 96
258449654 87
153119378 4
166776519 36
75843711 40
71548996 75
64209088 31
278135921 60
117116958 11
31405134 86
166216747 96
5801974 4
19744480 40
104717857 63
121892868 78
4138002 20
317566188 3
21752782 74
152926214 81
77609280 73
29440094 12
313988296 65
232846906 46
17467783 61
131059283 36
157434785 88
283153940 97
148097429 94
134897006 22
114850879 37
163222135 69
217289404 44
238257969 36
209552487 3
69075262 3
312091705 22
124639439 98
200268820 3
191709054 58
205894866 16
39561144 2
62483910 74
295684052 20
233035384 77
279222099 62
242035209 90
126396339 79
237678138 86
29558444 19
60383835 1
54882172 9
156581550 38
112314354 71
183703792 60
282385361 41
20611336 50
88815398 81
283191489 49
58644788 85
11581456 9
254679835 3
228532268 73
223695450 3
255829173 84
12734468 84
316528678 66
109954464 96
246630519 73
156842568 7
297017914 10
86423979 34
265862768 98
35759282 16
238646192 58
272405468 30
59109143 69
52020744 80
62160343 12
66997196 85
247166222 9
164312807 37
107907260 95
92500281 6
282972180 59
163732486 22
111593537 22
135331413 91
101274932 100
238547163 18
81464982 99
58113574 84
82411186 67
131562890 76
265495140 98
273793793 49
233104420 76
43267216 19
120559954 59
92224489 4
148395879 100
51750647 92
125828950 4
244573677 31
165125141 45
224177854 60
243005942 90
187223639 18
19829203 46
309211574 56
33994383 95
317494496 69
197853783 89
152389292 17
229118189 64
314608685 5
302058895 73
75506016 50
176497196 86
108219283 90
122862884 26
107009435 32
239574309 32
235675854 57
149930232 22
180539992 67
191838026 34
230796397 27
83843426 23
78909378 45
235513995 3
47972825 91
102016649 93
55483401 31
232865896 74
238761020 54
220215452 75
232244264 49
113873722 91
258059547 92
25932269 92
232679422 74
65141117 26
68476391 62
69127232 1
12310686 59
4090336 58
1617105 38
38698865 67
18897980 16
95592628 59
231136752 34
205672731 95
147175625 26
230696083 75
58956799 81
196670951 76
300064272 85
169186370 23
78772445 88
151301588 62
17416841 77
213094631 6
235230430 54
95983868 7
317693500 27
306698058 42
169889212 44
234121397 61
302661875 68
33689246 64
218137628 32
31094440 11
40634796 13
255480171 59
192447644 93
275972415 4
216355895 70
265349883 69
215473467 65
151753652 100
48737318 63
255238396 85
79415490 5
11229016 57
188131159 83
148633973 55
223996400 97
118618251 29
207446079 14
84924004 78
59310354 95
22576822 75
7633860 72
132994641 34
221533132 61
61889559 42
319170278 12
247290622 97
6826899 24
35195282 95
283685073 88
49048281 9
279243695 15
162106178 91
118644124 51
164964090 21
53586814 23
208432835 42
94191918 92
310857565 61
152648340 60
67707145 38
181890918 33
125536284 1
140180206 5
299405371 38
214331295 79
123467149 57
228369636 44
114980421 3
144101467 76
314002327 46
175384389 59
202081340 13
231960354 22
267560139 56
291960599 53
200197131 31
147564918 4
176595284 70
279845071 23
300406897 58
52776507 18
199157138 88
201438233 9
32666653 23
182804629 34
278430630 73
105515168 40
269702102 21
104798075 63
153530146 98
53812456 9
315371453 26
217701909 77
115788940 49
315726891 60
275605876 100
110648188 9
191681373 62
155543607 53
152399960 61
180360981 94
197380586 82
53050501 42
48289751 28
228941186 20
9278527 21
136497562 87
213981855 100
136672686 60
18074362 78
264951792 69
5172597 68
285066163 36
6051105 53
239194519 27
179756981 11
182584603 50
256415440 38
313506288 69
46076075 71
224833689 20
255907463 9
180025078 19
156641169 63
138842762 46
15359246 9
176872022 46
146816742 82
228311550 91
317864158 24
229638748 60
168157701 11
259196354 9
254224238 74
48881812 84
141347543 11
305564568 20
274657684 28
136051869 26
167278971 11
87434244 14
162993226 30
189286432 70
148862938 22
2538178 73
288718799 50
52836787 16
128439242 53
167670980 35
149363797 92
248699086 44
29148516 91
65465835 4
81219182 9
97674682 28
139344361 57
266499505 30
72622360 30
195293324 64
191969004 58
53747606 41
225679487 76
134072795 64
10669404 83
125868995 22
65905234 59
22040163 90
15575549 90
240583083 91
119844974 70
164547638 68
34070456 77
85271405 87
287407180 19
115349734 2
266973151 18
72215467 7
174606836 88
42176170 89
206276956 77
129035883 83
244097488 93
162103351 53
227176544 49
45962158 50
246348657 24
74854394 20
2917899 56
174893651 24
308100832 12
142285337 33
18163724 90
257459915 9
40362444 3
35989473 63
124467785 40
97392828 36
229271761 5
252211344 64
307818759 29
15469332 29
93375338 100
311521252 47
206924008 12
314282339 33
64861545 98
122132913 7
256620471 38
15506848 57
209425089 9
22406147 95
273474979 72
190117637 75
131128647 36
301675386 3
193409428 61
300826448 7
65247176 92
320457433 84
88613890 18
257564500 90
30418451 56
230843530 97
317051170 31
1541701 30
243189368 18
8527550 1
77140918 78
78286808 26
208928783 54
207498605 30
165828614 81
265696803 86
102253638 23
211671387 3
19617478 3
54561020 76
145444697 15
44248230 67
161210098 68
282505476 7
194704110 28
50205821 5
302156863 37
27636528 92
235053674 1
83186873 19
239933970 42
202433458 51
157391655 82
30983519 73
319089082 19
308402290 46
184187212 11
66419515 24
205178558 7
104333496 18
282895107 54
26889542 48
27958799 87
20701958 25
6096656 88
220228207 47
206898398 97
251217329 13
282219243 72
6511129 18
83695660 61
242617555 17
235521640 6
310801735 10
233255682 83
166359074 49
97244652 66
117018062 20
241765778 97
112123263 29
188572922 4
107207919 7
246241400 26
133405685 97
91890853 99
253765651 52
73806836 51
175226307 69
264813417 75
139985667 67
172675578 19
118967892 18
135186068 74
158010746 12
49745525 43
127365299 5
264313954 41
269106910 57
160779678 33
193140830 79
58456520 14
275092813 35
16951157 95
51215223 56
94792624 82
152199547 52
224182254 89
287934322 48
182362399 7
236284214 3
174252693 89
19568610 31
171470860 64
90029434 88
241929031 13
56643512 33
183394535 24
269927941 24
134890187 19
50056296 99
253482097 85
42338326 66
180688852 30
307086224 96
178559903 2
99680323 44
123667422 46
264199729 21
141845130 61
310674540 59
33796259 80
282529167 85
262756171 95
11639006 56
170242124 42
245784078 20
149151737 4
196444319 45
8447887 19
98543211 57
298476974 80
54006382 53
178183939 19
176121800 19
69720543 56
183507045 11
292098153 55
194929747 55
281002522 64
146364702 5
94113332 26
77239902 34
208535932 17
225149879 52
183217287 43
297087579 28
15682332 67
202246243 50
86822869 6
18658307 71
208035631 86
17561833 18
215262074 29
251455873 54
51611685 49
296193342 93
190422157 68
124222868 49
64754708 13
202586482 53
125931447 19
11766279 26
160033319 44
129383189 6
122691677 77
199667216 74
123318809 29
79909929 97
63863800 69
37227960 70
200471830 82
6189187 58
258784198 67
59406241 55
208448137 11
17306170 36
35466195 3
282111936 15
44795711 98
15094879 85
116330138 4
238179326 55
180223452 71
49359176 90
65349699 53
268198674 38
123319001 80
205231457 80
96812525 100
10743892 68
287941933 8
40503423 6
91254795 60
256467141 23
173811929 44
167064332 65
214523537 80
105313569 71
179315183 85
37468756 82
134037915 72
166511150 75
62740876 61
7464751 85
163282338 48
76932932 19
267849215 25
188044981 39
131755585 53
13548271 66
27545330 97
297357387 76
17062742 30
203219900 93
128830161 74
303448700 67
21661577 96
47157606 67
113585519 27
32935201 81
12534645 3
5332036 30
271771334 35
16856988 16
274828158 22
74143602 42
146168489 29
112169589 58
66297354 7
3407082 39
90333597 8
282530973 30
202463101 10
173310907 19
281613696 81
138542660 12
239012795 98
185364866 9
227459191 28
147111996 68
169283327 45
207309865 40
152695307 17
216436392 54
81775832 46
300645547 62
278077381 82
197789381 95
78018394 5
120106367 87
177081026 11
198355611 34
150377694 64
55630502 15
188037446 93
195826817 8
249332384 58
173001057 90
2269432 24
249886764 39
287106277 12
204123121 8
206067827 55
64979651 5
117310232 11
65734685 36
89388529 81
241184345 59
124858701 90
305727062 14
168673752 20
169755402 21
680696 76
110761833 92
272881655 47
205286372 95
303593250 19
215625247 91
241002334 81
22315967 27
255623266 18
217355718 82
35619977 86
292846013 17
183069369 32
20573555 10
101525247 99
91136040 27
91374572 77
301011683 63
318365490 27
309589144 48
69249372 1
167991757 36
258663170 57
130784468 84
69566445 13
74953639 14
68526080 1
277741195 75
144778031 1
130633862 49
228089182 53
21900180 77
134228294 72
301499327 70
91728459 22
108779272 23
180244582 61
159605649 87
163892811 65
9525921 93
118452804 79
29991084 52
59847814 83
254527596 32
35349702 36
111971813 88
112368316 67
27674639 69
319620240 44
167203099 69
97939313 41
247587635 43
98928191 6
271481483 35
146712945 81
265451850 98
118785313 96
154931650 77
313393013 64
82765744 11
57820914 16
279487170 42
293534916 42
298823149 45
133255983 59
151485629 19
22845750 45
72334624 68
46775556 11
279713034 34
81874903 75
272706787 25
160561507 61
61672257 41
316259801 12
209636616 78
244044875 58
12026075 84
45192921 58
273725002 85
57705022 31
11027102 19
223252252 24
150683697 24
16045431 98
224404119 79
41792903 97
28951448 97
249056664 9
188759414 45
57868613 45
256772854 4
293522876 86
294605961 67
317520045 70
236421354 41
320941051 52
45805611 74
190607672 76
95771052 96
192677259 57
198016360 61
102141197 28
242146653 18
25699253 73
265188538 68
116464696 69
217178151 30
309703173 45
39141579 23
40780908 46
213275382 22
81003202 40
31591116 82
76772728 30
261076547 93
42839981 1
67862262 79
3451691 85
254165822 90
80056007 15
215343660 70
186652599 74
273495474 8
25369988 98
286580725 43
238096418 59
225345725 85
249732542 19
268563933 90
175654543 36
305131790 67
47203413 35
76362216 91
91610362 52
91595144 65
98316096 11
109699914 27
242829073 89
9536875 1
177823061 90
22173978 53
117140438 26
255874817 44
190507518 63
80242576 36
74883626 100
78090071 53
103715410 28
35913221 81
89078664 1
92068119 42
214064047 43
170560328 80
186965749 61
199141291 54
9162042 37
245988422 95
124709709 84
102865109 12
168772233 13
266458672 39
300430562 70
97196999 70
213659549 14
237168147 34
23833082 60
195796996 63
234748381 43
212194670 10
205967638 56
1944341 76
14345441 18
29035139 67
242026045 24
235993001 53
146594774 50
272322 86
95318683 17
145041439 55
142726143 26
287257086 24
172334027 40
25548120 48
318498903 94
54423239 84
42729322 12
132056263 71
250919828 54
237717784 36
98052430 81
13337516 52
316821137 82
189128759 6
85714528 30
257903608 21
277588386 74
212154513 26
165869382 9
139657279 54
151337306 12
147346889 37
27758873 66
18471266 21
140798330 88
268726492 41
133642007 8
235385076 62
142443893 59
21575822 56
147830577 25
28496399 75
130285003 57
299829962 38
320747068 2
313279590 50
229663677 65
191479082 12
3955152 66
46667101 88
156582947 78
248845170 31
47408436 88
277440624 50
102822950 78
170316036 91
102545789 36
221874673 78
286260021 30
171339473 83
196003101 18
102410511 3
153285120 56
139077674 52
296358561 88
296655990 73
47990208 16
259015619 28
303471797 19
128716034 44
215356074 37
75172787 78
259920839 22
134393374 83
111687496 32
202952590 91
159011929 35
115793827 42
58818773 50
57957498 91
29355968 63
116749991 79
13853666 23
10507284 68
31552914 42
15814227 78
277938957 66
159482684 54
227968211 50
265662310 84
155052361 80
273216239 69
216003679 66
206217349 65
105034110 54
189990770 96
144941488 80
3857110 16
101128886 22
291614059 86
232248205 19
139379509 48
273324883 54
295937484 19
238665698 92
196161727 37
29848184 36
37305166 21
168512997 91
28376326 16
254754989 83
255358388 27
278294440 91
269496104 20
95884591 9
74159466 37
134509070 72
291553145 39
258522422 92
244910111 39
167518215 49
199778667 97
91190908 24
218339088 95
160659984 25
303920190 10
4419229 90
167901456 5
160207981 82
198069502 88
137507527 48
57314775 91
164640888 30
82302016 2
289977190 65
300504215 77
307256174 59
120162520 53
15063578 28
289332335 21
126729049 93
291351623 45
97121152 53
107872345 50
42616708 6
28305192 67
128291777 60
106944114 44
316583208 75
233688002 43
301839113 100
18014697 100
53370939 90
184019682 59
304244074 63
154760130 12
78212863 56
39761932 26
279839502 100
145119484 52
54724626 56
184830086 47
293710443 7
321869580 20
279153487 95
150032822 52
298603230 73
18318772 12
142124540 14
24934676 91
116533003 63
15960062 61
104020826 81
274090185 23
289267345 15
143555635 27
277082232 87
30144844 36
95265266 14
178107214 68
286634078 81
48142132 11
158739744 68
24622524 70
60670596 6
7747487 94
29007764 6
26735659 81
133720426 27
307264716 15
311254837 80
112985389 91
59575074 74
266635304 95
277397958 37
87766873 8
237604742 34
118811863 73
111387080 25
262999699 55
313785357 12
148256613 97
20030270 74
262617907 31
312486843 15
133885857 42
292307122 59
120230551 45
294231198 76
306975909 57
288105036 32
29737388 75
189717357 72
201611620 6
304015167 40
156351625 18
220197674 74
3955669 65
316925741 52
201450962 50
39281914 68
35090999 21
201436324 40
239083631 59
128542308 93
157852407 94
285752563 82
296847630 32
118308420 89
273839638 5
103381895 60
214870482 41
26385187 100
233013200 95
219707897 8
22484406 65
297041783 35
70806910 91
236565822 17
65617832 89
321738234 69
170451942 49
140053423 36
158499657 25
153759340 18
22191068 46
101071264 93
161258282 81
38199543 67
86545671 52
105959804 49
162963191 3
273982817 20
159932524 14
93135683 23
294904054 42
107481981 88
282723706 50
317875180 22
53667116 80
270957918 37
109441003 12
301093328 70
98723938 74
231132926 48
32263445 59
118767927 27
151624069 92
133570148 74
44628672 12
264453339 16
157338186 6
80866975 59
62348878 21
107089648 45
273019166 7
61213976 67
143347029 62
213418311 84
193999128 14
66379514 76
240073265 14
177032559 67
230509887 34
129246637 99
51860126 71
210255487 82
263305619 8
100384744 28
89206066 78
9922632 90
198675506 65
249196639 92
38592364 55
212990683 29
197950279 23
120947035 91
99657317 2
45311125 9
193919699 37
37632172 34
178269598 49
226666832 59
261577278 7
264803093 31
233508086 88
110577446 29
149605405 32
243914022 100
126895057 62
23567429 3
296417529 63
136873582 74
190285518 78
199888999 62
276403703 45
37907542 22
263983137 65
317336691 35
27593869 4
3796558 1
178728523 99
7218279 47
211553024 91
105201277 63
47162744 67
59841785 32
127005926 59
21227952 19
164235175 11
270542463 30
120375381 46
162260112 95
65914026 40
161478295 37
193779869 14
161713563 20
218442489 99
159878451 80
195878720 41
193500480 61
25280787 99
3517621 57
36388143 50
145763290 78
222675822 86
449660 56
190829416 11
30819994 45
229836848 99
123827490 97
295434465 81
297522908 43
40948010 50
224929687 58
151098662 51
165289417 33
212829651 94
246394124 51
252888559 38
260897050 41
44194401 94
109859702 76
68296024 82
127366405 13
154483509 1
17725206 94
44624976 45
298868429 29
236752627 71
318325142 30
302336341 87
68366385 44
290413374 41
321376029 32
271736453 43
108363538 52
302659017 35
206417940 22
243777562 24
236929291 63
5005118 16
311390499 72
180861620 30
192073542 5
79245056 37
1470815 9
27515698 41
75812506 50
295209746 50
291756652 8
115668503 49
94036705 19
259328790 47
276304652 66
177212633 16
77411767 81
84496639 31
73777759 46
7048412 46
19253589 2
132608596 18
264387461 13
271357337 24
92931495 33
66870946 34
252777809 55
27352015 60
135541053 66
104127048 98
151515548 21
91221342 76
138695479 6
280624404 98
276700503 21
275624221 31
238894986 84
251068442 75
235921469 34
320756552 29
52237687 65
3521023 50
33293311 99
134641624 16
173506614 84
286424049 5
253669632 21
158220162 73
167375362 30
114633744 37
115099474 46
212660455 52
194805548 21
247571813 38
185554202 12
103678223 84
52444036 5
34814591 96
210515475 80
26893766 46
186439273 49
141942738 11
234504376 17
77314439 10
110413349 17
43665963 95
87307697 8
40027219 20
62561666 50
185690235 96
99156960 52
308705509 95
198423339 49
61298228 19
177032257 45
272060552 44
14317004 16
167752903 88
248094664 15
214802998 62
306528192 94
79131637 58
14292743 56
139903641 82
265544751 52
36068230 83
25179590 85
79891526 95
319742134 28
317976264 22
196781023 58
229463278 72
88306889 78
231580373 64
185159503 44
196913371 9
181114172 28
319464878 79
91962108 11
62933334 38
5688866 94
298738001 64
311093844 20
247411355 87
107822256 42
82319500 17
209069231 47
45705438 59
73127083 45
312776021 29
78410510 39
321200846 49
185525835 77
189405752 25
12787833 84
247771875 83
234450177 18
155211075 100
90033135 8
285024145 32
118746890 44
9120292 67
280383620 20
13973625 100
320921181 55
230905242 48
306638997 12
260625245 73
66332804 99
216598380 65
28837387 54
90891858 35
157495752 89
19077445 20
228244521 44
67056886 97
280909284 90
221989598 91
38419064 36
284881617 5
267062078 80
313213504 67
301036556 90
246126419 93
23243593 54
142530123 25
5232837 89
91699844 27
169510471 12
135578831 28
26306059 50
266138175 23
195550607 58
172829622 57
135142117 87
162941382 6
127008578 65
304106523 21
204286345 17
127934278 64
314946226 6
160699929 6
6287774 71
317669531 28
85885904 3
24452085 48
252822562 89
272311122 96
72558332 69
310443250 91
100132178 84
145829342 70
147338925 12
161982715 98
181817701 89
128681184 59
13074879 35
165220013 51
125387451 46
68392639 81
286257520 74
249569798 39
103326291 94
251720250 53
61140075 19
194593894 30
72799956 94
99774124 75
264880339 39
256404012 52
122834816 68
264294152 8
205825534 2
15136333 41
164397730 43
143514880 66
118235033 67
218540022 26
282613301 35
189020321 52
8521564 4
137957171 42
201795923 74
132470805 90
266998108 92
218334878 97
94480211 87
64374467 14
310208625 7
267307353 47
109333348 32
253717780 98
114261691 97
246567665 85
99892149 100
55965866 25
266299910 31
215988112 27
81515747 14
84699546 58
60904005 21
218800530 97
236250922 83
298228670 19
315257189 68
204839626 42
129214755 84
226842768 10
167886388 86
172577479 62
28207355 63
129818262 23
316759877 1
253938095 11
300831740 61
288363903 76
276840941 30
52015846 47
223128316 79
269014207 83
273175556 35
55891259 5
260782371 27
226066021 15
222798300 26
89864180 24
240779513 50
136687277 54
286607296 33
96705002 56
109004766 33
102487166 32
257240518 66
292307867 41
314184191 76
178295752 6
4802599 29
192821905 43
169343220 6
22990940 78
156081775 34
198579157 18
277677545 38
94047093 56
46521603 26
121750067 6
122070576 19
100309659 55
3181141 25
240270707 53
25485575 68
2067781 11
242460524 40
268414192 87
140127904 90
305743789 43
275329110 69
316799526 52
270230798 87
222603547 88
239302569 93
119041420 88
273809496 14
193014700 18
207171218 18
62461065 64
237983047 97
291105879 39
293633935 20
123460161 87
196869569 58
111839301 55
302837900 66
200029135 68
219519837 96
8744005 81
2628624 65
23880594 87
281328336 24
502275 31
290796371 7
25098686 49
149748333 73
27863844 79
320576415 81
289258598 73
318989143 32
132231429 33
71727306 79
13765086 68
134249207 50
59312442 75
14205962 40
26844298 65
63084583 32
225891185 8
205095333 35
141021799 30
219888464 48
120027732 93
8042278 4
292877911 10
225079286 45
263530303 19
114158257 29
289803783 36
174779782 22
284215996 43
128353635 34
317147775 19
249010341 86
36945862 22
192150871 39
74030506 60
227335905 19
127159954 42
181662224 69
29760399 14
293120385 77
233447011 5
113114888 15
237811396 91
55708937 69
217006959 25
194416434 3
225473042 34
231099252 48
25838734 70
196879042 87
150294733 73
9953466 55
215821561 11
268059822 46
79010743 52
39699587 1
241580390 25
287716108 41
87800004 96
204858281 66
44318954 16
181505167 75
48361009 38
142675402 35
131319922 22
79765030 71
259509738 46
83028082 64
312936949 34
116656561 43
85081197 99
68727373 5
138160527 93
70490142 49
1879811 75
132989234 46
213583400 16
51150585 22
131398393 16
71084059 92
208262468 14
135010161 15
205032274 40
309322066 29
63199574 12
1732222 71
89436764 26
232611822 72
64376275 17
38821365 7
210819374 48
292416550 59
173368704 92
117983573 70
36812092 30
182940019 8
262885780 92
111824368 2
101835734 41
168347977 23
46188517 56
144611743 9
294267271 42
170827007 74
155366723 68
266696159 11
86275635 68
172433501 3
198860172 15
179795717 36
283592750 76
191812697 85
188135887 73
117459987 82
56143618 15
66104295 38
191061704 61
115906275 33
47632928 18
110430571 89
260069355 64
40191593 72
241096201 47
315129603 74
123003412 99
256015549 54
130967233 26
36912711 43
95031013 54
148971377 98
162401436 30
57634481 51
60549121 77
231561453 65
33486825 85
263759829 73
144093547 18
153333292 32
143780667 96
234630580 51
226215890 27
283474913 95
16286434 32
198867537 38
26533684 58
113954595 60
266014520 80
295037603 72
226563684 89
270080991 57
174404027 71
285582065 11
72942056 100
114959675 24
310714420 23
114079645 15
33247268 4
77450722 64
81674535 41
23913368 21
107347217 65
100742972 80
105943377 22
241477769 65
168969211 93
303774247 36
67218714 62
316632240 76
30791581 29
171089901 60
101658221 78
114394908 81
175230188 27
143639454 36
199543216 49
304720731 67
69897479 11
210410450 80
223409967 93
291794237 73
196077932 81
155999705 97
93573122 51
150575069 66
270094884 85
288532863 23
293463929 1
57108938 29
61928172 31
45440771 21
232019013 87
180176277 30
74714081 79
125253313 94
299558903 26
296406849 73
153084730 20
4112898 19
50372590 45
228003144 41
163593457 92
119691948 91
202217359 28
26623291 62
21431966 44
284522176 93
90938286 58
261458071 66
34179440 24
156229351 75
173238564 63
287518198 32
17226029 36
216895297 23
234981372 98
128652367 62
310119825 2
51060231 31
32363931 5
252302211 6
209905586 44
70675391 95
44873737 61
155927747 74
108526952 90
230302936 81
50154020 44
50943520 81
117969292 8
2436170 93
124863550 64
81822986 54
31252186 17
86113386 17
82686134 50
231629588 60
228858934 40
299242828 32
270813486 17
23107525 24
319353805 98
232564014 7
5883202 89
104217351 51
268862214 2
174445223 30
320390723 55
157061484 64
270598879 34
272347243 45
24319000 79
4562926 76
48759770 99
131649745 56
146448712 49
199021992 34
57115777 89
290410780 60
153931394 79
85928816 69
110970919 2
99397965 58
251789541 43
314326032 18
33963097 52
115511431 71
283997070 64
152768602 2
57472133 18
127496049 16
175493843 83
149525178 99
248501543 42
270523372 22
221452796 84
108863536 14
153136311 87
188469194 27
266793854 5
108697212 34
243111612 44
45058697 49
206952597 22
12210098 41
34647316 57
152614282 27
277236157 4
282205015 8
264947618 6
154150331 16
142822488 71
65088226 55
177639905 99
84213898 88
96301070 74
32799199 67
132335583 59
41321852 76
67128407 13
47933104 60
98405002 19
148949812 57
177715071 70
250663990 38
219360814 100
58868215 89
173156735 34
88782789 86
145393321 15
16373611 90
184664065 75
214675719 18
120720273 3
12846872 40
256182180 91
13163890 51
180947962 28
305726813 84
230269836 86
210185947 50
280979702 1
197069216 7
114854838 82
40706434 64
191734732 47
157165404 8
57593548 9
115378154 5
259536282 74
166903992 93
299091774 21
21293862 25
196423004 25
85568333 76
252481428 100
136833600 2
115031468 98
303192349 59
3647646 25
92304628 79
196489611 23
11393924 27
137419068 32
223566147 73
106124328 74
17551656 17
53214862 57
202042450 2
254874526 48
81292831 83
101160541 37
88022193 13
305873342 73
276515678 75
280151758 68
145599103 91
82900693 2
227318846 53
17989937 54
252930060 70
307941228 97
12085580 52
120972882 48
318592851 94
292996274 39
122200058 74
88139817 61
41770922 68
75166338 35
283781503 64
69789996 78
284831783 64
29941094 82
115020687 59
309048969 37
244748140 87
220322621 77
45082738 61
166037343 32
126292753 21
227014861 5
149200394 67
229193347 41
160057666 48
127678601 10
147573626 86
214623449 72
261839953 28
180846205 92
138245969 16
126531897 6
57272412 84
173139289 92
18071910 28
258039401 73
301701524 93
257127216 16
231568601 17
7304332 67
107596606 99
240664382 88
73253352 93
188551887 48
196936093 61
260186773 8
310117900 47
201666734 78
311749520 12
14853861 5
278023094 21
313642527 88
102655276 13
293824120 13
207076693 29
286723568 43
258850724 81
186776560 36
287691302 59
107784961 98
173948535 85
255147395 6
271595299 68
99985270 84
220784071 23
85956907 29
262510224 94
6128160 66
286915405 14
275757066 76
107156910 28
123178344 11
147916648 31
129916320 20
140999723 70
140500230 29
18725710 18
32032802 90
126605638 11
48525813 5
296581509 73
262204455 89
26158263 13
231192325 37
203130041 10
3024237 30
215275324 41
167600176 45
10871243 6
99550217 49
315481892 37
143901826 67
245871808 37
71390335 68
8285599 17
248260049 50
84517507 100
284159695 34
68229929 23
24783188 25
267403544 14
105654819 86
68925585 64
203080669 85
306200848 53
131911269 91
13584777 22
316672809 43
257413758 28
22256625 99
206536074 86
139362772 93
121243770 21
76710580 61
109163502 42
199373933 4
211003455 61
36654202 20
165647851 38
321856568 69
289078951 76
191167945 72
76062910 24
107698649 2
41971299 9
68006992 8
273501175 11
119039669 70
41071928 73
93680303 53
23987769 72
191187622 60
1810683 44
174091632 74
271930857 36
319215982 75
125107243 93
137683484 53
10361151 66
112531204 8
182624691 81
230014924 24
153418083 32
108087039 83
312347566 80
62784518 6
273631339 80
114456505 94
191335794 54
217303776 21
218722727 30
240898392 45
68781746 78
190559687 44
117864006 28
150522248 75
186953825 62
229395822 81
285927238 89
253197997 2
268272282 61
84351002 16
48764559 68
287039853 50
135033886 52
112656331 66
56352059 41
258222270 97
33368819 90
51526869 69
20954921 72
175732722 71
293225104 90
290262151 28
70412484 4
224583553 14
28188533 61
28777521 43
267347232 97
270970101 50
253322184 98
223034613 45
234142487 41
137321247 61
26538899 19
74821687 96
129534726 80
236027190 31
254009427 29
300000918 89
174616936 66
177926628 43
3687534 6
215110688 82
311006434 91
87138933 48
82051959 83
85101533 25
189692976 51
29213581 81
321044417 56
221710660 93
45718143 50
71394658 98
266368556 53
94339613 90
131310611 95
299722779 79
994315 100
219149091 53
70075857 46
8184540 71
113552985 62
319198057 56
34319567 72
178979669 13
247921332 29
194276827 100
275603134 35
205612636 31
66007516 27
246898250 55
124228817 17
232378405 45
296217663 12
185313114 76
151044463 66
21835635 91
182191677 38
106284217 78
208554680 80
159245032 17
119576823 55
3342048 33
152415497 86
52920372 87
62158902 96
20385218 3
321461039 23
109637851 39
320364826 21
223681503 67
275987284 84
317327054 29
100496813 49
250807838 30
192490283 51
170485742 47
217097180 89
188230042 73
306335009 24
225193652 43
225763212 3
76460519 29
276456854 64
117964463 99
43382429 34
60321614 22
245690148 96
39402510 100
14556519 35
319884848 4
300255060 25
259858206 25
141487906 5
207826732 55
39741653 84
318142435 66
44472052 88
150141793 89
178906192 36
219553825 44
57046465 93
151949133 62
286585123 42
80796398 35
237085668 72
31841296 86
322098014 91
9766784 59
297455329 78
232512974 20
197114123 69
208163140 26
49808553 38
318095659 85
173744810 95
136317626 6
63551917 10
254395830 71
288532015 23
17865332 47
218504297 93
39906141 28
257714572 91
159345080 18
84101330 47
139536099 5
485192 25
94966427 3
214065001 56
76008598 3
238292247 48
79607409 58
36075657 63
70258487 14
294431042 61
283312077 60
15331843 9
28075697 7
230292802 87
211732472 41
187718182 14
297171600 34
89250312 33
209141513 73
260810330 65
16749269 3
242831713 35
201074165 6
165718653 80
65938555 73
308863052 90
322014693 54
228840192 7
271206784 89
278850266 90
143227029 1
6526456 24
78503873 82
95519504 28
245513978 89
135043947 9
172581708 73
25738715 52
126868007 54
12661105 38
64148350 24
106535412 61
46365481 5
38984376 51
248649516 49
235050706 69
151867616 56
228133030 100
134820136 65
316419423 7
51385168 45
82581039 47
268393199 59
216162127 73
110322782 35
189518455 46
218669983 46
68096088 76
126695585 35
273341422 91
1776666 25
87925744 85
222862401 12
262276118 71
192545101 14
180836711 24
209794716 53
184995391 35
135355854 70
180133599 24
42454482 8
242719155 4
274499283 39
61822704 30
145490025 99
212601997 54
315970416 37
250551009 12
194140846 82
85060352 44
208756978 27
134368121 64
36244224 21
230138756 96
287613985 91
301392972 69
287912464 85
301966261 91
204593457 27
134175117 15
170729957 70
102888153 80
228103010 95
241339533 58
80420384 39
264441577 61
75515501 5
284269088 10
146667396 42
175138910 38
228426383 97
227706243 34
224659744 66
304229611 71
106434524 85
156821949 68
262072763 82
126864049 93
180601869 63
138063415 100
59709261 44
44052013 16
225811486 100
60983595 25
201251983 71
5501443 14
313077705 6
303016561 30
321568695 3
271888664 82
159486591 99
170217742 59
227821224 93
212486992 49
37745018 23
75021160 88
161077725 7
169573866 88
197644739 97
278599324 32
269835022 6
143946897 30
101644964 41
150577503 58
198181851 14
212883633 71
28849191 79
276179764 51
292129249 26
304308935 57
22842978 68
12470898 44
90511579 52
278745452 86
78630962 78
241578465 30
194187429 47
88662537 74
258734708 59
139958960 72
137811242 12
77004606 1
199952389 31
188060150 71
284662619 58
73220919 42
184542318 85
50303331 23
115248088 43
132332597 84
285542669 65
236705728 4
271361521 59
221004818 65
5580306 65
60469487 45
146239177 66
245355270 70
200771267 71
275462288 11
224749372 67
111058999 1
54146229 83
68585104 95
114647328 6
120404881 79
145246036 91
287125301 27
49033749 46
85079657 17
188406648 66
229575652 84
87781673 31
82715101 72
121645150 96
170973286 40
312145667 26
250436358 7
152754030 60
8140933 91
141718916 1
234647542 57
280467080 33
103535796 93
73042277 72
307377970 94
290428944 72
120860651 86
56745685 15
6388460 62
88174048 51
148577819 5
260854138 86
250182317 59
25733234 42
246802130 11
101544987 96
163020741 100
283601836 19
304578747 92
205463117 62
294015338 91
90547066 25
121413944 95
72139405 30
37563425 60
58602203 89
32101737 35
139175457 72
182414593 79
52184246 40
50142 98
283885891 13
146178389 67
298860316 47
106242411 53
55047500 49
242270411 43
3905036 22
62055729 30
99127166 34
142052087 41
185876796 74
43512948 72
66591256 65
163434934 39
78230203 27
135539754 18
10529814 44
109084188 52
99878645 83
89539658 24
55264589 58
247280838 49
261745507 79
230842300 53
15590244 76
26739478 28
237397217 14
9307386 40
24155944 24
316087384 96
73612372 53
290893453 17
103476915 78
240448090 43
263161483 56
148372247 18
317111028 20
144177126 40
195085200 13
198259427 78
322066278 31
207750096 28
104556093 74
305825913 16
53505338 83
292729961 58
127269266 89
262726003 35
203349202 55
154009135 54
165081718 51
314774039 18
38279575 95
120635284 79
212017595 67
164369905 93
270652069 64
55117689 66
208648147 36
63495966 91
173824331 48
159792191 12
285572511 4
203995679 7
285207470 37
220617205 56
320191172 54
291210724 20
294201035 72
53487550 81
23009012 70
307675777 1
221278734 20
3059629 92
139972833 7
203385748 69
22735199 19
245545910 90
295506306 26
72032772 96
280750320 20
199245 55
245197745 78
180373719 22
63833391 23
218978046 93
9462097 78
221017926 73
163253777 25
272171276 32
211338245 13
156979729 70
300637731 56
16160305 1
272551030 33
112948367 41
27171902 30
186315551 87
63164814 60
124121086 76
77654263 89
132681423 45
159770509 81
34793352 24
130858004 63
298371581 25
231325113 89
301847900 45
264617639 64
75843783 68
253027385 91
12899707 25
185977944 46
113766769 20
68282378 33
116032581 40
126137314 80
23716955 24
159735024 86
172068181 32
47020362 17
38683938 34
70935382 77
295505437 82
158636444 33
184433319 94
216215086 43
28666732 63
77879994 41
11531860 1
244407546 99
80495378 53
87594294 76
127669207 35
1095968 63
144307716 16
201278314 37
259755026 45
230288483 72
239873858 16
96993800 23
199791993 40
81209796 3
321560512 59
126633554 88
135532800 22
274419502 70
295725428 46
231126966 19
321261394 74
83982621 64
289640333 67
9764745 37
80168686 14
26004700 62
46860507 58
134966357 13
218010366 46
207814872 37
222362765 63
2571502 67
241950883 70
84814286 8
10141326 74
244330541 76
262012641 48
318288593 14
138290563 42
137247335 88
269345602 63
153125362 65
315866997 28
96769642 43
163392205 88
198567999 48
211140037 80
170026809 82
180340658 86
117724295 53
280235362 1
219546678 2
43938489 61
86755883 93
313137215 65
115540523 41
266556312 21
49199573 34
86726954 83
2738279 88
319823081 19
261142823 40
124387485 81
54296976 6
298242712 94
71487335 59
33597606 63
318072363 93
30531208 87
81637235 43
139882025 52
296077545 36
190378940 11
146982229 95
215707933 48
249498448 26
59953288 77
47535963 2
255156307 27
242417688 31
5567213 6
154580092 54
117579452 65
140318843 71
220047119 17
130165187 79
200932972 54
175675337 31
222500228 4
91027497 45
236702119 7
187865176 85
231067210 83
41168372 22
176735575 92
289424632 31
293837830 28
143355705 88
271922328 30
147990601 31
218195239 40
93967750 87
304472587 19
306020620 32
83632517 1
138217380 13
244892870 16
6464989 63
185351277 22
139818147 33
121004076 35
224105147 97
294781939 72
191228086 78
214711394 64
42953544 21
85400060 100
162518782 9
113198554 77
291131203 11
123617365 65
100922799 93
190160945 51
274316363 81
184280522 31
279175694 8
213168392 32
179085614 38
96736228 3
145953835 46
276099783 70
297767450 79
190226946 76
214185618 11
181645768 25
197252570 19
308261581 93
282849547 54
129427787 76
186168963 87
152256172 98
233404582 93
30706115 84
80785839 88
132845987 83
234856536 7
103864835 69
183785224 79
74568036 10
178269868 64
121923005 90
158105706 55
292462757 38
320062965 33
283129246 53
209247971 3
276636062 39
68020585 58
35832813 99
149541838 77
44969486 15
296031051 94
29914639 6
176268188 48
154549691 70
101363405 15
4652828 42
60240662 53
214100945 50
269532769 89
198702750 80
307689552 25
301358786 65
14011709 24
249597812 33
129705059 30
304950199 100
97190160 29
191655153 43
18567204 40
46705525 45
231794970 65
136614549 92
298083831 37
204905263 66
119121636 100
23629094 73
63486260 85
5300277 1
75666817 63
13419216 70
88932556 61
290757270 53
176643137 83
175944040 58
281162018 18
91468218 79
32527432 39
60013219 50
232740641 77
173555401 56
71191066 25
6136350 86
62488102 28
237523390 11
67569710 54
204683362 10
184101794 42
151971228 68
2642259 85
262927077 41
165540370 50
212332487 10
267480912 25
48861684 34
168187095 58
186489448 55
50480467 60
126682750 80
110959847 19
82490705 84
277093284 58
306555 91
198187747 76
318703790 75
118462520 76
135898555 53
157670918 20
258238434 72
146429092 98
257248057 72
312302774 76
48688874 67
79921712 58
49888521 6
94656814 60
138688200 47
274135104 39
27057435 91
70203573 99
156335059 81
94410582 92
185744054 13
49450355 96
86382049 94
64033872 91
43176151 59
250028360 70
46096599 50
168796168 26
268017672 89
270269695 63
116277105 5
35459656 99
110822332 55
59540157 54
177530730 26
263914848 17
235767799 53
240360363 59
96348228 79
241616625 15
17247934 64
147497182 60
319315200 81
125447160 26
137964947 24
257016356 10
145300573 32
279422155 55
252148552 97
134692362 27
103185126 70
313896145 34
215826747 71
54091140 33
21071479 17
8885711 21
263511038 91
160612023 11
241319497 65
287747934 32
220485197 59
54853726 18
140637081 6
294822313 61
121103259 74
131341112 73
66189228 86
239431784 65
247751815 32
67299847 33
279264990 14
199244603 67
187321347 70
288942798 86
31904916 69
32643363 77
210065065 56
59211470 61
223875113 9
301213440 71
7870937 2
87973229 88
319241753 27
249129689 38
264063263 14
33257943 91
108442417 12
183611402 14
301704141 44
42029088 86
226404182 27
190249323 81
180519210 63
284613223 17
248725282 50
131450420 7
74683487 46
173704326 39
291763645 98
175891773 19
298725402 98
106657560 28
89696349 5
317489158 96
61562600 50
8947466 24
221094522 94
257777544 51
130084310 86
190887849 33
163077682 10
4938155 55
233846558 82
104411495 11
293282877 14
111457641 60
22142676 77
