55571829
19929
5554
24482330 13
31427982 49
44103115 90
47357443 56
4339118 31
35390333 66
48780975 88
17608303 96
54823706 59
49182418 78
20511800 6
2409493 79
29251905 43
49298644 77
19389053 39
8093993 56
53665694 19
34145739 74
5498761 14
11141326 61
39305863 21
34792732 92
9291590 9
35240390 16
25491861 38
22251699 48
19490388 51
17405125 65
22175148 52
19623149 33
33296292 24
49577250 87
47964675 59
13504112 5
1768572 88
2789025 28
18081248 72
29825171 50
42099727 32
43276944 15
5057885 23
44757057 72
35409764 79
26542676 23
45204164 50
32508936 30
45038569 97
9816853 15
3478250 39
28522487 54
52815487 59
32410355 15
40035924 68
38517809 33
26470026 96
1472310 13
47379209 3
28604170 58
4865542 11
11774508 87
13012707 72
26871855 16
45966258 56
4660043 75
14620182 39
43294122 97
30908633 67
43763183 11
20463031 67
37460075 56
13058127 100
36840949 62
26308141 21
25891438 43
50537583 42
12400099 72
17381802 7
23679560 73
24953415 8
7550004 40
34737658 24
36158335 51
39806737 72
9575830 75
24856196 99
31013660 97
11780273 79
14175126 98
47299779 60
33534017 87
31666255 95
34362287 96
12639942 92
927280 62
41823873 81
22043915 37
25605992 87
30188513 36
2880767 62
51417507 1
42221599 77
49916220 20
5254405 22
5844380 48
114284 34
54747279 66
516509 43
7054491 88
14020044 21
51565669 91
54008030 57
42546127 96
37517496 67
31486379 32
53202220 90
10155835 27
17674254 26
15697127 8
25239271 49
40699539 37
5652462 87
10554824 19
44045736 93
49976117 43
40559113 72
19028307 26
24938089 10
40863480 25
35252146 11
8528857 14
55432107 9
24774335 49
44565817 48
34317593 93
42352032 42
19303576 90
1554725 58
29622022 86
55327793 37
2207311 80
44682911 58
34185966 50
45776070 4
54728815 81
37595065 86
10484185 42
39797706 64
22517541 3
50443784 61
53923174 40
32933754 99
45458903 21
23177126 18
49023916 57
39314796 52
1972233 73
28921187 85
43149824 26
18303375 16
25699607 4
19196671 34
38980098 18
9289454 86
20240716 1
21886316 7
20235750 43
23890580 5
11306282 46
19993608 36
18319569 19
40016916 54
16105083 38
24446160 94
43093430 92
43791941 73
9858732 62
30143123 26
12206126 22
50249357 99
46690935 28
11918079 92
1546591 6
54240205 3
31596843 55
15625234 97
14221515 53
43496542 13
18125275 40
17909561 21
42203330 82
28838499 88
5830264 71
9413746 92
7864747 90
12837570 40
10173189 28
18821702 100
48686617 51
127088 66
18379688 76
7419841 38
16844469 3
17731205 77
1323447 73
53745879 6
37216465 53
16583369 65
41589177 80
13807809 22
9930495 31
38574306 43
5062932 78
26042970 59
16642603 23
54029448 87
29748946 36
20719679 41
26098634 60
40435713 72
12404206 94
42833279 38
25856003 81
30760508 44
7480327 25
15525825 56
5849880 19
54952367 27
36144753 98
18141320 46
8031131 35
28563745 54
36614433 40
5197185 3
5662061 48
1761590 33
43379514 53
42861212 99
6863608 95
14490053 21
12078642 76
35477055 88
7744067 50
19065449 67
8468394 68
27267186 80
25170884 21
43829436 10
37186759 11
40389281 29
12935108 60
15147635 48
14409436 43
52645428 65
33285951 34
20621768 32
51390435 79
3395091 88
25972420 71
37848764 3
39096454 4
19918134 79
39998886 95
11600998 91
2192272 58
1368975 14
21127031 46
1428363 58
54165100 13
11533160 53
20567920 55
2237717 41
8578780 95
13626138 81
26434783 39
47131466 40
8689830 14
27220624 45
53807485 29
20709490 62
24888801 46
139346 22
36398776 41
5346094 51
15606074 50
41149920 91
47368491 83
52531877 100
24902303 4
49209112 68
39498781 25
2782598 15
49093126 83
5413192 63
37559064 19
744355 97
23499488 29
33817456 97
7469827 82
54443971 90
11597291 14
8654954 70
7633574 82
44906595 3
37294710 48
4684211 21
22454966 32
12048044 31
49090842 8
16486653 12
49668022 39
31833156 17
26432706 79
21928371 86
51512869 48
13539878 4
2733017 54
4899555 44
50393016 26
776225 5
52137104 96
3518137 53
33398738 8
7730626 50
10366528 41
35010363 81
31784327 31
37693786 37
9877961 66
9888556 25
5940340 18
609217 58
35774155 65
44707760 20
38975616 40
41285662 80
10062624 46
44085519 84
46697416 57
50919841 64
19760096 93
28171123 80
1488459 11
43155904 67
49598073 62
12185078 55
45859594 12
22767156 88
47451746 7
40404739 84
37513884 88
47595500 98
15231384 61
10660934 100
40792134 13
20840302 57
7272432 56
25538356 19
39011461 80
19814922 77
9328877 58
321939 45
12689275 77
15959151 67
19958989 35
54247110 23
42761180 61
1533414 84
1270834 33
41505239 28
13707370 20
29232563 57
47857933 65
25391431 67
53570913 7
4555406 23
3825588 37
18211859 27
16138074 48
26912358 7
4071454 66
52473074 19
34344801 56
5972091 80
53171652 15
39182987 54
48365633 26
51454248 40
16561253 97
34501546 40
25505598 93
25795180 29
2348467 45
25034327 43
35148328 43
49898788 44
39871717 84
26659062 74
25590274 64
34798424 90
15207467 76
20541850 54
29106667 44
17702252 95
55396622 33
3455816 25
23198356 5
52834190 9
11716412 30
33778598 8
11294464 12
38060335 9
52769062 78
52387381 7
17656003 18
21451672 81
29162442 26
6995160 94
37041758 56
30827240 28
21431774 99
20152725 31
43231117 17
32245205 59
28096018 28
10170968 4
38037839 64
29676634 6
34833333 70
39284317 60
34692575 60
52152248 94
35125452 14
48559530 56
878850 83
6696285 60
53227679 14
5314192 41
42410463 48
35752123 39
32294166 68
46927344 82
26833376 86
40313908 92
2716971 92
40508627 20
7977249 53
5739601 51
2802196 33
19255859 80
48287508 49
49234931 73
45575147 81
10850847 67
10121185 27
43248410 85
46340835 66
49996160 39
54504402 19
33134065 85
38996994 87
4861185 87
24035524 53
39838313 92
23065611 9
1845540 20
20886969 46
41000004 93
10274551 44
53699389 86
3320796 77
51264712 66
33744295 98
20334454 85
44247317 14
49825786 9
11601546 7
54841367 13
4652921 39
27494519 51
29496575 80
15824608 4
25339448 32
35897459 42
10579075 71
9838754 84
10808352 80
21057311 73
18515600 13
43127914 8
33250992 61
39265732 35
24591725 38
28036833 92
54430068 30
35110289 34
42308224 25
39116059 37
34985436 3
23010811 40
3596985 51
14438638 8
6137953 80
42548736 43
3426899 2
40836164 91
52086824 28
20030665 50
14426061 97
40736969 43
42184218 18
6083046 80
38252545 39
31739366 80
40936942 46
53475682 27
20689332 43
25973303 3
29972744 77
18635512 71
16173987 65
20525951 19
45681049 61
39147511 96
36971942 61
13325630 7
43672876 71
5363283 2
43069568 15
32055408 46
41486820 54
29842714 48
18205397 31
37117204 70
13212726 43
17714178 61
24919969 3
17627932 91
19993359 70
43980711 91
17725618 92
21636200 60
20528504 51
11291990 51
12431518 69
41195148 79
2543203 83
8971760 18
19374393 18
28796490 16
32165031 31
3575620 34
45277231 11
50464370 5
21517348 84
32209192 34
21965634 1
3105040 56
19289879 73
36237050 59
34068444 28
17923284 4
26223703 38
33318296 34
12871578 82
44636604 80
41446674 34
40283194 87
9302842 92
39672140 9
8168448 65
2081198 18
48846032 85
34638014 23
41499235 43
12244304 75
8543875 20
45965499 33
44936903 79
53358543 6
21933396 97
48309038 30
4486043 43
13770839 46
22035102 31
339023 6
3261349 60
45748933 75
33302995 47
8545639 71
26757803 14
31704939 54
31798142 28
19273168 71
48159849 43
18441 77
12515768 36
19756836 88
9735270 48
44943164 90
36294452 41
41398507 72
48616622 38
29985145 71
17798274 75
40493139 4
36015542 53
31317364 71
24692567 44
25989772 24
34768162 84
21314512 70
37972189 40
32227023 94
44646192 89
13044751 73
6290895 36
8398060 52
18710818 13
47767970 48
41951907 30
38981596 67
2554338 79
43876004 61
18559493 26
43412893 20
13476634 56
42849855 31
51341945 44
14679795 30
18689767 15
12550151 6
14391601 79
21201127 68
40784256 52
33882828 29
25056889 6
51058606 56
54581095 36
13409280 57
50964662 24
20746183 44
45105459 36
54044096 85
29910898 29
20705370 80
49733748 78
21664065 79
29522595 99
2799220 45
4749745 96
27693003 39
39411665 25
3717968 24
18373931 13
14791697 56
44468944 23
6589384 93
28311618 34
31134702 17
23508419 90
32570138 19
41797647 4
21719232 51
16161517 48
36496800 41
11639028 92
24950167 78
15161859 25
10081920 32
22114515 67
39463882 52
32453192 75
11242947 46
54894355 67
38707639 10
54730831 39
9641704 66
42635070 68
7552438 40
30371279 96
47983280 49
49609995 89
16041102 53
20601653 15
20787116 51
17898131 53
1559019 64
655246 22
19961290 31
12376780 44
38345109 38
27424170 20
37903959 28
5940353 44
35090610 66
42853626 72
33172092 10
44484807 1
38874547 50
19980982 33
30634155 83
49004375 64
51047516 90
22001491 38
20013426 26
52756867 24
14255107 18
5751915 11
30612344 25
12977935 43
30128357 49
19184705 19
9808468 87
31816075 20
36832766 71
33435523 25
49072638 99
20849158 88
48420723 92
1288426 48
25040994 57
46502609 94
17808589 88
48104149 89
18028043 90
29067298 13
37172871 15
15323225 73
38278180 69
51077914 56
39166206 60
24972831 61
36117705 81
34521347 65
19969034 35
37063056 57
23407370 60
6637748 92
1577124 86
14926766 61
47610369 10
42585558 73
53166108 28
44477991 99
18882119 51
33273291 42
23132559 6
26148337 31
42724569 49
34262725 14
32077911 45
34672397 80
20503736 75
1235510 40
51785894 4
29305621 67
54809793 90
31126977 51
643166 18
23954071 47
49218165 63
9450706 47
30160857 5
43280560 100
52628593 82
40237859 51
4057039 33
45130234 88
6758610 45
44212792 84
31540928 10
9021906 60
50653240 18
45214211 64
47564367 37
45924557 74
35308569 19
49268201 100
20717682 95
9466847 100
50984899 9
22447252 14
11880937 70
51155643 87
14191824 93
14238958 20
19846982 58
49148538 64
42791689 59
10372708 83
16879623 80
47007108 16
50255380 55
18352013 92
9348802 52
23747202 96
24322701 7
52026924 28
46897479 33
35450849 97
17878741 49
6150326 70
53238739 23
36672087 43
40455791 91
15494601 83
50995747 69
8110845 22
27762915 67
8513284 7
28957496 19
5352416 79
41316433 43
26648621 61
44017971 57
13372530 31
37803784 25
49306170 1
11532078 99
39819660 12
19009015 21
38400152 69
7066037 87
52548894 45
44223235 94
49359510 18
46161828 25
6055820 1
50443923 59
36776894 28
5820446 40
27703004 15
15893152 74
17681237 92
3050336 43
43045032 6
34797009 76
10909154 51
38382357 71
27648414 7
53878752 82
38941140 39
27331062 36
8524259 52
41685114 32
26802393 73
7920771 82
30779137 78
26716577 65
44005446 30
49779432 10
20987902 38
48060638 62
35294759 4
24381960 4
13242668 29
4096677 73
2704169 8
12055616 61
27300779 38
34548277 29
35266701 60
892959 84
39334749 71
36659197 77
12026286 4
4303669 72
37315277 97
51733574 56
22621551 44
47753556 83
48083051 4
4503348 22
21904316 80
5868644 15
22845904 5
45747205 33
12294526 97
6584976 12
9726937 12
4099624 13
47816338 44
3160951 1
40138112 64
5612588 55
3136209 95
31971704 61
40567088 7
24213908 54
54587691 23
33212955 4
43562153 88
21587207 12
27245860 89
32893631 67
6781884 50
532975 21
28296416 83
54116449 68
49125500 58
29218882 16
26852394 19
20488527 60
44066587 63
27253632 52
22333026 52
7580023 9
6180459 63
47038820 8
53101633 86
6553292 52
46949929 33
21145803 6
46908607 31
14342986 66
28460331 45
41860403 81
24745229 100
3489437 48
9908440 69
9442502 83
44187479 55
48663733 81
34866255 31
17971963 68
8605724 44
532879 28
23378170 3
48087793 63
47686334 34
35779024 35
1027554 40
4029695 67
20130294 36
25867663 24
41110866 77
30002197 91
41997797 39
4211577 79
44211789 32
50142972 28
40163050 50
21301537 90
11358742 88
23101024 92
51920322 51
50649834 15
18401479 34
29435159 28
9997086 29
45231825 9
36387006 76
40895497 59
37109631 9
2046124 48
52042257 25
23078495 32
33813804 69
48206018 89
15983631 89
9473042 16
29937268 17
25265749 82
17637805 53
41851457 83
32422569 66
19611736 85
53898081 45
35629410 85
21732154 55
29561580 83
49650041 70
17667573 88
42146752 66
13927253 31
597528 95
34629145 89
14734372 94
53693495 13
44831512 56
22069275 85
23589950 37
26239026 64
15516618 90
3849226 45
12455267 18
27484324 3
14797107 18
2695570 40
51074251 34
34080920 94
17957546 50
10316970 74
47322171 99
13657920 9
15319673 92
35499823 25
2089828 55
9834013 92
22092840 58
33832002 18
43633779 92
28622130 77
26807707 38
30985032 46
48234010 64
8793300 22
35846991 25
44122632 23
36365192 59
22488514 29
9799528 39
30004497 40
16964990 30
36953282 55
46990809 99
52062217 32
14954931 76
52331778 12
44964276 3
35877239 13
1996259 87
47865477 36
32250327 24
15649982 2
42132404 86
46642918 29
7596629 11
14558164 59
29828561 87
54462783 71
31559806 54
15798163 1
28328914 29
32309930 65
20801136 81
32015734 85
43416728 70
8996333 10
33517519 93
33664283 74
13340925 35
34560489 100
5767765 12
15102470 84
6188689 44
34623943 6
19146297 86
30080949 50
29444928 81
35914992 98
28086458 46
27990816 63
30447308 58
41227027 65
42624661 29
5077331 66
41932928 85
39349841 73
41664261 2
25478447 40
48717137 98
35735972 23
55547116 21
226293 8
43102552 84
25330798 88
32579090 28
16592272 74
55259309 53
52120824 9
14897899 80
33964090 4
14120276 95
47238681 11
47989784 79
17530062 96
1443719 37
23729429 47
3990426 23
30930157 60
7352603 7
26412221 18
51235244 68
3660553 98
35566884 7
51674917 2
6622956 68
49678130 7
18533225 59
44047003 55
6908220 22
4376657 54
48720830 54
30503088 13
21074488 19
43065523 58
30243473 9
16893918 23
23528010 98
6885653 5
42054324 94
43762024 11
3673305 60
25089246 5
47407002 22
34053372 12
9243874 26
54146865 70
11922330 77
39721604 87
7744468 80
53084820 25
43521008 91
49877178 49
26500263 98
53838651 1
2387364 54
23872232 40
31504575 32
23126705 89
32171561 90
51877960 55
27017848 74
19166166 25
13029697 83
2493637 15
46490097 86
52459996 62
14695104 17
44836316 95
43194588 3
10050726 29
34611732 34
52400450 28
49520242 51
1782463 83
52518793 97
50515319 52
44309775 26
3683339 11
52695419 75
8319010 28
35556669 14
23166640 86
27841669 13
25273837 45
10471332 59
50593572 72
52795938 23
45377992 35
52783110 13
52102728 48
7445190 23
44145433 30
52050463 3
36718601 25
1939073 76
21095167 46
36930899 41
40824392 76
44655795 94
16257165 91
45056277 10
51875920 33
54416556 48
43632076 69
83183 1
27394094 29
845052 5
43370799 25
21047898 72
48883548 90
37561032 27
53127802 92
25758741 6
39298196 97
23291257 31
48489771 34
39226740 10
30214213 78
9595471 41
52463752 11
25808941 39
40767252 6
54341422 10
10871077 16
25186117 85
18924712 33
49707389 48
30818818 68
46386106 84
28434970 83
17089264 31
20048030 66
45641975 36
5343561 94
5954232 88
9476880 66
17096243 71
50743292 19
44387651 88
3880139 80
1091740 100
33975765 59
53820322 19
50237977 48
23753701 27
3711521 88
37334069 36
19067555 8
15813211 55
48333791 11
48769681 83
37458894 93
7390785 14
47062988 10
6708002 2
9678133 23
33914422 43
1125743 86
47426472 50
38483357 14
43539982 52
7846443 78
26611658 62
9921474 17
7435823 44
29467452 48
35482879 72
51798196 5
54211350 48
14556934 36
47371697 47
39704762 31
37930040 87
5144809 89
26999267 6
14660273 4
17201937 6
24445499 47
22237149 67
9614419 44
37385458 27
31654930 42
7245736 46
47227615 58
11216628 53
23347246 77
38283439 39
22715869 42
979447 5
24735980 13
2605832 96
36213266 42
22801392 54
45004933 73
39986544 78
48938091 89
40089950 64
19563952 26
47174357 59
54870340 24
37148175 72
39732192 19
49793705 19
39790780 88
2543964 4
45068282 98
6348756 98
26013075 31
21837903 73
35833451 82
33461627 78
17182537 57
41979502 92
25921313 31
19023872 100
34874821 44
40623131 69
36196549 55
39211539 84
8759056 99
7789204 11
2948359 72
18993141 80
50367064 81
55281293 76
5234453 21
7292297 29
8723466 48
1016464 67
6108085 8
35442489 35
14825948 24
42124950 48
53681017 69
8624989 71
16247125 43
53791207 82
3639635 2
37053049 8
5509928 65
21377635 85
43374090 6
16545503 50
1386939 93
38100339 80
3249704 17
44288203 47
17694882 62
16570906 8
20439178 40
27781331 35
35538487 32
48924580 15
54360395 39
32530527 5
25214453 9
49394575 94
19469278 32
44930612 54
28276466 100
4769413 22
33482284 63
7682954 39
16454573 42
23647880 37
17036678 12
8983936 15
40181481 7
51210221 55
28955087 57
32260781 80
42384424 23
24952652 2
6122614 72
219727 6
13735924 99
27967799 30
42886249 96
8053131 34
37230270 19
1181849 87
7265267 74
17822611 51
22714313 7
12213489 75
4286945 5
32821235 76
48144534 26
30171681 60
37160294 54
27822895 12
53915331 27
45085672 37
53558059 96
6861787 26
15114789 90
782271 12
32962539 45
22786646 61
17292715 32
467304 77
53528702 49
38848291 79
11896177 77
51993770 56
13877167 4
14213175 16
12679346 75
34291795 53
34753444 6
31622453 39
2301802 39
3863621 75
49030299 62
28353521 75
9884336 12
42372431 20
15535779 28
20294841 59
30538889 18
156370 55
35066187 72
43962060 36
50198266 48
37009093 84
16070693 54
17238419 30
32343376 8
20265507 65
27925365 95
6590219 50
9075316 60
8956908 96
44321515 39
22123081 83
42072676 93
41810488 94
16775974 67
53930698 84
30253193 85
51750397 33
23937607 19
7848888 80
23631732 36
35373044 67
53979725 41
53967353 89
97745 17
18887558 34
13115342 37
21516675 29
6484418 48
50987473 68
5126394 20
46180281 33
19906240 13
50450887 75
51956666 89
8583621 84
46198652 38
11168176 5
21181042 19
23363441 58
37137736 89
48201290 9
8257939 25
8302813 28
41838388 8
49791986 66
33150121 18
40810639 60
41322800 29
14054950 79
30377976 8
54771376 71
41101521 84
37269953 18
25135184 37
6661169 27
19294029 82
2537611 58
5668131 42
20135477 48
33665303 33
4635132 43
19518732 90
42658954 37
52936237 99
14130845 35
27111237 100
1595072 68
18008509 3
33717126 52
36471077 8
45239365 39
39758988 13
2752692 36
6406168 16
12311729 18
24550042 43
40378304 63
31030714 2
12938769 80
46471486 83
16421669 75
11761980 41
4987621 52
24094525 79
33952550 39
35682104 71
35244317 34
23695696 25
53003344 91
19359267 38
36682468 43
18112799 19
45034040 49
28828547 38
15017429 14
24319541 16
14088492 54
2450023 71
30354342 16
16239863 2
4458260 13
6027815 54
46385943 4
29729044 66
19404256 60
20455567 50
50414074 97
10306970 28
27527199 25
22256989 72
27960707 39
16861158 84
12717767 21
53458573 40
31448528 40
53458293 97
16141955 14
54601389 37
32702431 94
33621657 53
10914808 4
20114984 14
12041162 85
17980738 62
30565575 79
55337810 70
36003875 33
22593382 60
49047300 98
14809083 33
8274338 65
34634494 21
10611079 85
3842654 75
3309192 85
11151849 56
49281638 6
37266264 6
16459414 41
32179854 48
47706060 28
51836703 57
44443904 64
48547148 68
18115579 57
38127056 53
563884 3
13486947 65
43576529 1
31340560 38
47640135 34
18839136 11
5349465 68
40890736 46
15404180 88
32542607 91
41353330 64
37991962 6
4454174 91
15285604 1
20947728 74
45329593 86
49968250 81
41026774 81
52547959 54
38445221 16
4336649 96
12650954 79
47084258 39
34106781 62
51768229 97
46453804 36
22819504 23
50392057 93
22461547 42
31288620 22
27806476 72
24136587 87
35431301 94
46081239 32
31681647 28
29892272 52
41703356 93
25902016 48
6012915 11
34919103 50
50763267 72
7023686 18
31408200 13
46255632 19
51171036 40
20192680 90
1162726 56
17453120 73
51466439 62
31970588 34
41045662 2
25451030 71
38271327 34
20827954 71
16756177 97
15556173 6
53059713 60
269471 36
35113027 28
12621745 14
50605886 43
45123998 68
22268413 14
44638795 70
13279817 69
1125723 67
11004691 83
24541559 95
39030749 34
32653150 62
24793971 3
25754162 6
34133951 89
14233014 41
46596510 49
17264634 9
13997574 54
12717510 85
45805859 61
31917193 40
36480039 87
36432272 46
26831718 76
39449782 59
7541307 62
23329296 38
16631416 25
28433016 7
41192287 17
22927309 59
2289305 66
12465747 82
9700062 70
55445196 78
50114131 13
3026522 65
50966704 58
24224980 55
16080666 35
899954 63
28063215 29
14574356 8
3495876 23
14034104 41
52263273 55
11518844 20
49208671 8
2178262 4
12001477 45
21599857 100
49918582 43
18097059 67
36303689 86
18221086 58
53964417 44
470957 84
40653885 93
25827305 63
35593004 55
12215887 39
11030649 97
43656224 54
39790895 64
33358891 98
28734664 83
11188341 28
8152543 46
35223130 25
1305681 89
6679459 11
26770385 79
21219225 22
19728352 23
53133237 64
48871766 83
5415179 33
37409401 15
22878675 61
387687 63
40718362 75
26647509 86
22274186 77
38589577 98
46024667 50
46100418 62
17434233 74
12226039 78
36333931 23
37916247 58
17188973 44
12146649 23
32640767 40
36177606 93
45821620 40
31329210 21
6168956 6
35302276 7
21400996 20
29644846 26
2108177 71
6954550 3
45349302 6
13620056 79
34006653 72
8013274 78
43795991 58
10363598 28
18477207 58
24930847 17
8358831 20
25067720 32
10392041 42
34801751 33
29288310 78
42501321 18
8559202 47
34968530 20
36849338 73
18395410 98
2110080 16
47519537 8
52584350 100
44741935 48
40740499 95
45149635 70
14078905 34
29801990 72
31753482 18
5367331 9
1337193 14
50092343 22
27541230 11
27480618 89
38320914 36
23667699 6
7192032 6
52244690 91
46943403 17
19051286 65
29169841 86
21479146 29
23039613 81
17655014 40
13029772 73
10783269 98
11227239 87
30023901 48
2005156 95
44273234 92
22313437 44
36161883 26
12180820 93
31820747 22
48806824 4
22750016 57
24644607 99
15197152 97
42814396 96
18043919 96
40666837 82
47498088 10
7523156 98
22786961 48
31774376 2
23417336 71
43213134 44
8186401 98
41245936 42
52189255 67
48410928 91
21805769 29
43814942 55
26883303 21
28909439 1
19572947 13
49110870 97
31211952 87
28408061 97
48656858 30
42248161 55
20629994 15
12277140 6
15348371 2
29147749 99
45409111 11
49116875 24
54228159 17
7652348 33
23003902 77
42666225 49
43204891 34
51370226 75
43876405 99
47273888 72
16719187 60
40073119 71
26506835 12
6367428 12
8473645 32
28066610 26
11851235 54
28368662 77
51526621 51
22945683 81
42902446 11
7228884 24
24302446 46
40344922 20
13719024 9
44172790 85
26859826 13
31380034 71
11700085 4
2935112 60
54786397 86
26699983 52
40239412 89
2222510 79
7125425 87
24054915 94
1361452 44
44891022 66
38639651 36
13047062 23
31883227 69
305664 74
52844439 9
18854170 34
48909732 37
13265392 34
10224182 99
14219325 64
44627628 97
5302150 76
20174419 71
36440673 50
49256387 16
2440980 98
16577091 25
40272160 76
4018527 16
4081390 77
38488549 77
20379963 63
18090379 4
26720864 69
52070918 62
20367592 47
26135859 35
32599239 78
48506029 59
46445053 100
42920482 12
38760042 70
46556706 74
33247789 83
21980670 44
27350701 54
13061239 14
3764850 26
4498295 6
21555691 27
55265488 63
52732202 30
25776452 61
15841379 66
15588107 75
35130689 64
10894709 13
47108113 59
49984930 90
39384341 93
38327697 86
18160965 54
13791589 42
35757837 18
23545521 37
45597102 42
39957568 59
28078100 28
32033283 12
17133383 75
11610286 80
18240728 78
1836143 92
7043012 52
6217131 33
24869096 80
31936940 98
35506755 22
33056418 36
3795097 43
28237950 8
7542203 98
50034549 61
2066668 10
29469176 82
48628147 41
32917458 53
356885 4
4538333 81
12258743 49
38920693 29
44158777 77
50527066 12
19880351 91
36047482 16
53945179 90
9199215 24
42506697 80
5006670 7
13675149 46
23308049 52
55413559 29
27841952 26
45556752 93
45539834 70
49202179 31
22324177 43
29634676 87
3758645 87
41267468 16
42774719 82
12325438 31
42303313 80
7395092 47
19215119 21
43466163 15
7870002 44
5089198 21
32835344 37
50337035 98
35797618 54
7625079 65
21650461 63
41786026 56
47576420 46
23443153 63
41839853 41
10670619 4
15314620 72
19883781 45
50714101 36
6676532 94
32928180 38
42142397 10
7936519 99
6292890 40
50190701 64
47254483 15
27254574 78
16494746 97
3634025 95
5630603 58
23996877 27
5522613 100
39734461 28
16158809 56
43689845 32
28413176 61
36402214 80
12756691 61
11547182 43
1215003 98
50639604 82
5577119 76
10429972 89
23189510 2
13131776 49
33494947 77
10937980 97
30238723 6
13977942 60
44196899 56
3614266 61
30040197 60
17151188 15
30323721 86
32666154 78
45473982 42
40583759 16
36335261 61
43644558 61
40362760 72
30298040 49
10289686 23
15613594 30
25584131 29
15414825 31
5450761 58
40981972 38
50131417 39
11939043 53
1232055 1
34275500 26
9421379 11
1377649 1
28410349 73
11420772 13
27293443 2
41468148 89
42998233 94
177987 63
33776689 13
43679627 40
39723306 51
13945173 2
16363552 85
44604625 98
42113585 46
49667589 37
42495039 33
34451310 34
10405070 75
17564405 56
6521399 70
37433862 20
49442796 62
6855121 89
27394406 98
39433839 91
18200506 52
30422346 18
45901252 15
27215905 66
5104681 93
44000100 59
32663382 14
55463484 66
26395893 72
33032403 50
13181155 95
40302793 2
33166638 42
39478384 73
6627141 13
39577777 72
18531791 2
16847023 34
33145862 48
15088864 56
46964468 42
36745891 75
7923973 38
39573892 35
52952923 48
15219701 64
40876103 84
39837356 56
47213206 90
40751177 64
48374019 82
5593580 47
44803756 63
31058691 50
47906102 100
53834731 88
14859133 40
34724995 96
8126041 91
3459146 90
44237065 35
2508907 57
48040334 82
4519225 20
36274226 7
448030 73
2778570 79
52752207 74
37714862 39
55273127 74
42769704 52
26123278 89
32436764 45
26912027 39
28296033 63
43416804 98
37757691 82
28710685 62
42014246 36
12432897 98
46836746 29
15752437 77
24736738 32
43729237 50
26276541 49
55236236 40
18270382 57
39347046 16
49551782 47
28373893 97
48760135 58
31699791 86
25871792 67
1179162 58
49893786 98
13851794 33
41887638 43
26101444 36
51810527 54
37419873 60
33121570 75
23370328 2
1662474 91
45363255 99
20767032 30
5719404 21
10512685 29
11461847 81
52139190 13
48945134 18
48685435 61
21333889 53
33224336 80
30837707 85
36511419 25
14599583 22
42191032 24
52360112 37
11106553 47
9755032 64
33371093 53
34030535 87
1998412 36
27621580 42
2842637 51
29613422 77
27036612 53
52867712 6
18891674 38
31873684 2
11663095 42
6918213 46
27738123 85
7700161 11
46116579 1
51177837 70
33117916 72
15072092 39
44228985 25
14489037 90
19466056 4
16191061 86
1756635 31
12737081 36
38084808 93
40329865 51
42455555 22
22780043 60
45174330 71
51581138 55
32102664 85
30136735 36
1905329 29
26305687 62
50804110 98
26746917 21
36390758 93
37209681 73
43432550 58
26918799 36
25316108 1
46767892 81
403624 11
21476845 75
40949990 73
27977130 22
27102698 10
6664671 3
13758898 81
46722934 7
14975112 33
4214619 5
41416177 99
25114360 35
11407365 74
11040567 21
44714042 83
5831317 51
40545824 65
20482275 34
51356220 55
2625591 30
31975175 47
42047340 32
10024154 61
52171321 84
38486783 28
1615789 72
10570967 74
32620432 33
9181959 99
19642568 68
16389297 16
22730324 21
19981624 8
3645774 87
34072607 4
39555029 95
31196950 42
9135647 81
15390967 21
49306991 64
1655418 62
25135510 95
2270632 13
26668636 65
50537835 9
9430208 58
5368506 43
11744922 78
31250271 19
12138278 88
55297963 77
52247191 29
6857477 24
50897997 96
28977124 49
50297025 98
25521679 28
33901214 19
28136876 92
46608815 27
3805586 52
18174327 51
48744545 100
36736859 93
36700029 15
38603922 12
12801156 48
45373661 39
44670012 92
31396935 34
12056710 67
28759021 94
34740158 69
25123334 13
10027478 54
47838062 34
47071952 71
39075006 83
31077555 54
8675536 75
7038096 34
10878771 42
7184491 60
51644991 62
9149292 26
27576685 21
40781510 68
27719921 60
46866092 62
22130172 48
29961329 35
41384907 94
35161936 7
49399924 10
42066832 56
55566519 12
26489445 63
27467863 76
19083431 43
8701198 58
1074954 73
36378007 21
7879467 67
14610298 96
25947690 69
32792747 26
54535768 68
4281487 19
710697 14
6563064 64
53602902 63
14879963 86
19828397 51
50233130 81
24784345 66
42769295 52
5912802 98
7990589 64
6492814 60
32564963 4
32744584 12
54858282 89
17548916 44
47121631 9
49252009 96
9097726 36
9365777 32
566795 6
18193170 42
48578746 54
40173872 82
22607818 49
15256591 3
15179698 48
12855316 45
23415174 10
33876121 100
47547320 46
45161842 52
20279515 25
51577096 13
11262777 78
47910811 35
5482479 91
40791034 95
14356748 26
42568539 79
26023603 51
44352340 79
29452877 99
14273227 2
21847341 8
1644706 94
52891207 18
8047870 73
25761591 87
42719434 38
25517313 70
15392290 73
8938625 41
52907952 91
16958064 87
23395667 88
7500011 45
36221087 29
7666433 39
1572171 26
18861129 79
39281613 7
27848149 85
8919729 48
54498390 82
28431839 26
30887175 22
50050992 43
44351375 6
12351633 30
45919328 90
7244236 88
11722897 20
48138182 47
20661663 13
6650289 19
3000856 91
35844 54
45692765 27
22658844 82
11974872 23
50632582 82
26191407 57
2263439 80
45975835 7
32630355 60
27504502 73
35187730 50
35341924 61
10297855 33
16828195 94
47719364 69
32053752 77
46137085 19
40130404 95
45829385 18
30437174 55
27655354 18
10825176 46
4862739 18
20312601 36
4049114 15
31270431 56
10718262 83
25247314 7
36134357 99
34244204 95
55365152 8
33748275 63
43286688 16
6788636 31
16743286 8
35427783 73
25641610 1
24279862 81
49165581 22
2480613 62
54993257 21
47177818 50
43231791 41
18990211 30
41983491 62
24816872 16
41755966 64
15968638 89
35890018 94
16307146 23
13864302 24
30448473 88
44715208 54
35375809 13
39364511 13
34987715 63
7568180 13
30114639 32
24457865 61
27483477 61
20934981 13
4945915 14
1670657 62
27944845 67
18074358 33
4141536 54
22632189 47
28742251 45
53736815 65
32705403 61
34853072 38
39624355 67
47539147 47
38787911 20
45610908 55
20425457 34
46266774 33
48901314 25
55473187 71
46830645 99
29128094 16
18461578 53
25934400 44
45112613 56
4507031 11
47344996 18
45258904 2
43509442 89
15348943 4
25713313 68
70526 39
33347688 54
24665840 10
20390705 5
22430250 28
52183496 44
25361054 4
15645051 72
39259206 70
34470167 72
28536603 3
17767388 59
54099661 57
51126096 52
41877180 48
4482324 29
13193858 60
22358176 88
16123128 73
14720953 27
51137702 78
32684453 71
2461663 60
46456004 78
7680023 3
20218004 30
10092557 97
34197266 28
54618803 85
54685459 39
37620963 45
43484555 91
30552045 7
4261579 80
24679000 15
363291 58
29040199 21
12090691 3
32719724 12
50819196 3
55471636 65
12545740 100
6315158 72
21677051 29
8428444 62
39982545 44
4875992 72
2212152 17
7471211 49
13418278 60
6414477 83
29730109 43
43045986 45
28180683 76
15742692 77
6660389 65
52924363 10
17831915 2
38154541 72
14578555 56
16046249 93
53995304 57
28506742 65
20814303 61
30285695 34
43109332 29
27606178 44
2300868 42
20920825 66
37647870 75
13440966 97
12567097 3
6070462 41
14651814 13
18934874 62
16271721 21
30206415 92
43951841 46
20878338 41
38369184 76
8489253 70
50161112 27
41447017 79
29692435 34
37096661 74
37654882 4
15034364 54
9049316 95
49837762 57
36028277 20
40488020 72
50931842 82
16872271 85
5206263 98
41121208 78
112486 26
45859090 12
5128494 93
30655864 45
4619711 17
16793760 49
31991159 76
30471360 68
25959800 29
30312822 26
30644015 13
15900370 49
46878828 87
53572122 4
9938559 74
51552863 83
47633141 5
22698848 25
1651155 25
52226227 15
43175355 40
40379041 81
31771081 5
22130801 5
42632337 100
25254682 61
37044652 64
8508905 22
49345488 55
21915535 59
22990687 42
40927077 42
197868 80
28150727 13
34800265 26
10012268 97
12479360 90
45632115 99
26229503 48
19314110 39
27264559 97
7417099 82
37402047 59
15878991 87
32473396 56
52873004 58
42274173 36
35988914 54
18697784 48
10955510 38
54057219 37
46231595 90
43646978 15
18778412 9
4435927 47
51038031 32
10755325 14
8707118 7
54650400 71
42561925 85
43705016 62
27858680 14
1870889 56
9957601 50
5894512 87
19495970 77
4836699 34
12229056 37
3651288 36
10969074 57
28681505 49
778544 81
48744325 9
37919595 42
46108800 88
53514806 75
30339830 57
19528187 72
29313068 20
28295342 82
44735179 81
29709341 69
7020312 42
22918480 12
29886435 13
21765486 48
40850610 7
16471094 66
26065897 32
23123019 62
23564850 13
18757651 70
35329904 27
41078198 75
49332567 70
27765616 44
29588200 37
22363000 59
15545722 59
45668869 61
13303936 41
46814995 28
37165317 17
26589459 71
18252838 90
37816937 92
30176768 21
44922830 48
37724426 70
15786004 95
22836164 1
31611012 15
11985676 76
27372299 2
40064662 50
14146228 71
44583902 51
31231382 53
34541016 27
22960679 36
31900148 10
6814639 54
17006103 60
52376602 72
48661532 13
21307876 37
21819476 53
5784631 94
27498804 65
18167358 25
46049582 33
44173982 83
54728885 78
5531092 81
28890629 23
27519695 33
21441742 33
23728845 81
51703995 61
44498499 43
15357130 64
29728198 47
34160 19
41157986 13
27627354 26
55310508 29
1980782 76
2852723 40
45369130 37
4235358 77
34164438 59
20733335 89
35473247 1
41413955 60
32328841 85
8866812 85
20273742 50
24128353 42
7811872 73
28380607 83
10275483 94
40244508 74
21866836 25
45882132 20
6297072 42
6460332 43
23090360 58
46551162 47
32395917 49
27195921 92
6041247 86
11872904 90
54797373 63
15271161 39
8231432 19
28693444 64
5983305 73
4196464 72
1508078 43
15848652 72
831173 9
50556815 23
46974919 84
37992177 48
14777153 59
7598774 90
18655035 58
6739023 70
33156882 49
3717788 9
50172490 39
30148514 70
43529926 16
43388968 39
11313727 100
21032663 6
26498810 27
23813655 15
48741871 75
27364243 42
22161376 62
9784958 83
30802972 65
21108537 88
19287766 67
33988315 54
11371032 67
3732360 73
55054352 33
15665241 95
42520103 4
41993918 35
9163188 13
46014617 29
35037421 41
48563721 80
923581 23
961218 27
2819996 9
15378493 73
16661739 90
44106665 7
50866044 40
38690124 16
45772323 50
20545498 51
31012811 92
1624807 84
26288199 60
34888802 37
5114020 28
10988649 58
2715115 89
44184191 42
20410478 2
16892162 82
8808172 3
35988436 15
48536135 93
19766603 13
30057190 67
48988105 25
16990262 1
26285653 60
5990790 73
11857604 32
18069935 52
47352243 28
28580494 76
51190886 8
52497546 47
55491685 87
54207648 39
13561980 24
17417009 7
4678339 40
53048549 89
27161003 99
38903781 77
40424092 84
24909679 9
33684946 29
2782490 12
38742030 88
28261502 90
29393885 52
13554652 18
30744179 63
14244020 64
40598041 64
27879815 98
5878750 11
27473175 100
20905107 54
6075102 56
3697863 74
14110901 50
32695114 74
35085136 14
51666084 4
2200176 50
51446894 5
54976492 2
33829296 9
5181165 79
3373455 46
19243811 4
15458306 78
43415176 66
13882802 46
22369709 19
43078577 65
25076635 82
34582698 56
43780867 76
51853571 8
18625210 55
20070141 83
47141291 55
51320795 8
18348540 89
29321943 24
17377039 74
27448882 31
16208240 19
16921900 58
603396 59
43311326 19
1988458 42
34088629 98
32763908 8
8778685 41
13178794 20
28662152 29
22131872 93
5466565 61
8133616 42
10704046 62
14543367 98
41131113 89
11974696 85
45845413 78
37255278 73
50077694 97
11591136 68
50218425 93
11045381 42
55355819 62
25731807 51
34511801 59
911639 23
49377526 76
46544604 74
22093540 91
12942247 65
1860901 1
21115188 93
18679582 48
4832246 8
2128636 35
19945112 36
33931761 7
54154734 58
53474089 30
24644065 12
34818150 92
37784106 4
54778231 1
11321346 83
46246206 92
48020245 19
43499975 84
2624481 25
2983228 36
34806576 56
49948734 63
50397715 39
25982459 79
7557012 47
38361250 60
38216854 7
48965101 55
21461343 79
19227778 25
3305683 79
6458435 37
29389154 6
46022733 24
55101329 71
53588767 86
28046719 66
28282561 73
33701348 13
44692260 5
12015619 71
48384088 15
10299985 76
38665720 2
11947086 29
46791962 88
11398121 75
31053670 87
52670776 74
34972985 36
34674252 1
19087190 71
24717523 39
13863944 9
23473924 93
11432345 81
19913210 52
40525261 40
13153134 14
35467400 100
27916133 36
10687942 24
10819791 59
22409913 11
22629153 48
44022312 2
20226122 50
11056029 76
50019482 19
24467686 81
1884605 51
17170704 90
53290223 6
12536542 96
20605209 75
7464398 78
44394131 28
43349648 15
23938790 13
36904535 62
7942776 39
48725019 9
3231107 7
13967942 21
28535031 13
19799004 16
32059012 73
14983274 59
19705420 12
13184482 38
8444861 36
28585363 66
33891670 80
7308069 99
16054408 86
8825371 41
22980385 83
19777870 57
45187984 32
21616957 51
44035674 90
33088055 26
47605500 18
36609296 36
34762826 60
10255777 72
8861900 7
43084217 91
29390329 6
30203411 10
48185371 39
9316579 51
16074986 34
11347820 26
15901142 74
45494128 60
52242593 26
9533916 22
16233442 67
55198987 65
22979445 88
11974265 64
41531008 89
50445079 77
7148540 41
42806140 100
53214936 98
24626488 17
31001935 66
43450356 55
43326026 18
44364578 60
44673851 32
41760067 34
34350346 93
10192893 61
32275719 53
53031908 58
3922074 67
2900683 58
7129988 19
39652842 45
16365903 98
13280810 33
43084157 8
46349930 14
41575965 55
7361844 84
23238486 53
29159265 84
45391886 24
9012208 30
39446031 97
15296634 91
15928613 85
3815723 75
7504957 51
15672397 85
48009707 16
36807791 58
36197593 11
4352362 24
25635828 99
53649258 16
53262612 20
15550027 12
45507142 92
6727779 59
3523575 15
55204912 9
41048657 31
41340415 1
7456112 9
23184589 93
10211364 99
42940667 13
11626282 62
21919307 81
8298332 90
30851903 8
5278732 56
9255725 20
28860164 73
4775089 34
36519939 75
46216111 48
27884280 54
47289549 9
21344302 57
3063537 25
10110625 19
48733179 39
41002125 76
7404101 20
17884223 53
52577117 95
41760466 40
55001090 8
22674015 81
3172801 30
8168635 79
54637820 81
30190459 31
23609667 96
53862427 30
46738395 3
55267888 25
50069249 28
2873523 56
24608517 92
36826723 10
2317477 84
32977042 45
32798389 49
19962248 51
5619631 5
42262177 38
31846419 42
52175752 43
38494741 42
25078125 23
28639898 21
27258288 58
30414294 7
41427048 80
38177502 35
43746294 61
1514045 97
7779159 67
7863914 48
28671802 34
50687191 32
52516833 83
15870530 12
31095518 29
24917809 82
54065610 84
4595169 55
15913734 76
34703513 54
6965023 7
11339682 83
28659782 54
23878052 84
41421573 100
47682195 84
42773753 85
30732918 31
16694598 54
8334487 58
10744708 14
51432843 61
34011995 95
44956042 11
19925891 60
24114801 51
45935130 23
28009602 56
26803884 68
53125875 82
6004066 29
54089090 99
38591509 23
49093014 76
30327649 65
23868157 70
37954880 22
14160664 70
52316477 19
1107721 41
6679361 33
26554778 45
52868787 60
39135759 29
4102254 4
33595355 71
45381545 58
13391753 93
47145623 7
18459087 23
22472362 81
50425426 23
217031 78
18949278 5
44414649 78
20775185 71
21693226 83
48674968 87
6808406 14
44196522 59
31578993 3
45476970 91
631778 61
32783118 78
358187 77
43406973 10
52963780 84
15584573 44
6260397 82
27922950 47
10863743 36
1202198 79
13097099 25
31826668 38
32336507 47
12359673 29
43131140 44
34416975 38
41171293 93
41294046 67
50355331 59
20938573 55
29858820 32
42872357 71
38958324 64
6208308 3
11808012 46
33822961 45
17769202 82
15355797 18
32921415 31
46796017 22
24426761 49
47021973 52
41434337 55
16023379 37
12573777 25
51339337 46
9214021 75
5723544 40
46234200 59
50005927 64
15479961 20
23697438 35
49429926 93
28976925 91
3868077 33
50913436 27
41084835 18
11580889 54
46754122 81
27061349 19
51483197 23
15514048 27
3871498 39
18911340 17
17070061 71
1457557 37
3695854 99
35764602 60
52409863 18
48290713 37
10767211 45
2389132 43
4121845 72
11635287 93
19045666 47
28197512 98
51341875 39
13654235 21
30628551 89
14545309 74
47157513 33
34649775 29
6063243 63
22784594 33
51220497 64
32995276 32
15688980 85
41769826 74
39896992 57
25572358 1
30226720 52
42665099 73
45021904 49
38129623 37
33918555 34
19275827 65
22900858 77
26990168 98
15368961 49
29193142 17
42283971 76
6400546 84
12448689 8
6449133 3
21482593 57
12784566 16
54613091 11
15730563 87
33747247 6
43819743 60
32445944 82
30502778 36
44086118 40
3144552 59
17583333 93
6374014 58
4275920 7
40707648 1
1941879 93
44451623 28
45712538 31
32141780 21
17983931 11
1149248 38
14752846 45
12364577 71
32719080 9
14862714 16
9121605 83
38623457 94
3439397 13
43596241 5
23074759 44
5400416 82
53106706 85
10608087 82
14015329 97
40801405 4
54083657 81
15211599 37
47468490 91
32492878 47
37945451 67
34782263 15
52995798 40
36582195 74
48501047 84
34209186 51
22081108 29
52180366 63
23252333 91
53404340 83
30947461 39
25357407 22
46327312 4
44541670 12
20966931 56
34369321 6
47096501 73
26510042 89
32161673 43
28220218 56
51168823 28
2173229 67
43080079 66
27133867 89
18293641 26
49963088 85
7167015 69
29427612 91
41510282 35
23585441 42
39687152 87
19475928 8
37987559 18
44906276 75
1972293 41
37322881 13
53317407 1
27772324 54
36090910 7
47976502 46
38772873 29
35322898 41
45779642 2
25981253 22
41918582 59
4409105 48
27148219 22
35755238 41
48516706 65
5434165 48
48864712 32
11175179 94
53192585 1
14704586 6
50551511 80
33850983 94
25211761 45
33842736 84
30361173 9
17942853 75
17964906 24
18864142 40
28167698 51
29864746 42
1721242 85
49722359 12
39632189 16
32414835 71
11110488 87
49129829 47
8009504 1
28617388 81
47392675 28
49924359 84
40694485 21
41789347 2
31138172 54
38712675 55
2402492 30
45266101 61
23233493 77
4743692 23
38565694 47
42341519 1
48167634 37
33582679 42
18988754 26
31088115 61
52983018 82
15119289 60
21412484 84
28805985 73
54879762 29
6538915 63
7882394 19
2450262 2
53031389 79
6479946 58
39090332 23
20112692 11
45865512 7
44492751 18
10840658 72
49321979 6
52971792 30
34820941 88
14634526 54
2857978 57
20236877 51
52206849 46
3242166 69
40446829 19
49414542 98
4365603 89
5251251 48
34407133 55
49351952 10
52226256 55
53071514 20
1935146 60
26416652 94
30452778 41
35988630 15
22061877 85
279227 54
40388736 95
46161508 96
29634130 22
10411929 2
35104520 22
13827316 93
40633978 10
26975130 66
7077364 34
5916901 22
34503611 70
19689271 38
34115302 51
8076138 100
16933056 55
48465875 95
35611851 67
30692505 83
48789489 90
38826698 55
28724794 65
41681309 76
50474499 76
5381966 4
33641411 75
50889373 55
24817326 65
2823963 7
36111557 11
23582531 8
47817588 81
14141630 85
19930480 65
33896783 95
41258849 64
6822199 93
41451349 42
16980905 41
46526673 99
54267410 91
34993462 10
27089843 93
2920688 33
54516825 92
15711387 92
12421416 21
11797420 5
2016916 24
54574939 9
17995232 87
13695441 37
33864225 16
20570379 96
2353137 49
30099285 46
45704494 83
54088529 29
24755941 56
25638197 93
4169629 75
17932629 33
21091930 97
12593965 59
49038522 24
29509244 76
47659305 28
5026198 96
22394715 53
14075372 47
501703 10
30527725 94
33426388 64
41915972 7
40536172 1
53129296 28
36263485 32
34951006 14
823395 76
7205500 97
20741701 72
30971931 77
25182888 69
9405063 51
48709539 76
43122714 64
53241351 18
45413480 52
7376523 15
46848525 16
2144746 39
51543394 42
38002720 65
48054096 4
8387384 32
6556930 42
52600050 80
6921775 100
47506388 48
29657608 87
26107177 27
27030645 86
27674989 2
24143171 33
25918259 13
45728957 100
9095599 20
52282424 71
20066189 24
47123111 94
6065746 88
52348 85
23481572 55
1284163 5
50835265 56
21822684 61
20252036 49
33184463 46
10127197 43
20198846 49
41399921 96
35034425 13
8065941 97
36292969 8
19887693 84
5733767 52
17408462 23
53323511 21
18971890 62
18614777 9
52090840 92
15499861 61
55440513 73
6297446 56
34916491 68
51293698 92
6125254 27
42478865 49
16522704 60
31029171 27
15389048 34
19560988 25
17780337 78
50885028 20
21383564 32
25096655 24
45985637 26
48511852 48
32707003 81
628560 38
45997388 64
9106134 47
19796444 93
31423569 12
29474774 66
36320991 4
53667036 89
36217395 67
53782953 42
37078348 18
19449851 70
6046209 65
14565569 5
13079452 4
25217159 89
50575122 61
25005445 54
29971642 43
38470712 67
5338362 63
27321756 9
27413254 57
26250205 13
55333514 20
42367246 91
7308837 26
39589814 91
11289156 95
41064167 86
21761535 49
248262 96
3079509 58
53775712 54
12770904 36
42673960 33
29112341 48
39806548 9
39243658 26
34936794 35
34455769 12
24057835 42
8629483 94
53631249 41
50697239 9
2244947 51
18776352 34
54398917 97
35050654 14
35197594 64
48068496 10
45595058 11
2575732 99
2833327 9
42874811 84
24359202 37
48477953 38
32121911 9
29786661 89
4918796 90
25692801 24
40471563 80
29556041 4
38049657 16
10542868 65
9705413 100
46041768 90
26742251 11
24796337 28
47881601 51
32997943 39
26555811 81
38604269 70
17860702 63
7012800 30
6996409 31
45420490 11
31490553 60
16813359 53
23656156 26
39857133 23
18429706 18
43935927 79
14055443 31
9629330 16
30429934 23
32092483 78
31467293 72
10638711 56
22425111 28
5562191 93
54710581 46
18355700 91
22294449 15
19654097 64
45206724 56
50733302 81
19600508 91
24342427 80
43994411 54
42811622 42
51776190 52
16406664 41
25198156 38
53110938 30
53070677 39
7095667 72
13588135 3
19267870 41
45215114 18
27708958 53
21926553 13
37885842 32
26382813 7
29412487 88
12895574 73
7616427 18
26208642 83
33544676 2
2454435 16
22346280 58
7220552 52
39422145 83
51859161 39
34653458 42
52446382 66
18722610 74
24522088 86
35690687 61
38546371 63
24103501 61
44861243 70
27273676 6
46629465 41
36812438 58
20858600 99
18743654 44
4812245 79
1704633 32
37374208 67
5761274 80
2517022 88
10038647 78
48455070 100
14464303 50
45297884 25
22527455 32
15862427 94
859571 50
23838643 35
48506363 5
19917317 43
18279142 34
52167761 45
28990817 3
7975439 50
37259943 15
14305438 40
42041688 7
3896809 82
44633779 71
43782439 40
30823441 73
46918549 16
18407083 85
10930873 29
44254898 23
10566514 84
53933398 62
5166834 2
49890794 46
14654296 60
19195825 15
14456241 53
35812906 48
32472580 54
38748155 66
1740109 50
22943912 55
50431590 90
36946872 15
29109082 74
35875698 96
37476222 61
6771313 7
38108126 99
35664252 8
31002115 56
35733725 100
6273461 89
31593040 61
24493431 76
55564020 14
53762975 29
38233349 21
53207239 71
17755452 66
31739338 51
35804152 100
9553583 66
15771415 5
13834175 15
17202067 20
52560055 88
24395502 21
23151092 74
47894909 71
48725433 57
16779220 94
32376855 45
12046620 1
12496284 23
36765526 58
49767386 71
51817436 53
54554871 70
1069933 56
35225575 72
49202340 56
15992160 52
53414492 6
26365349 32
14995979 21
37028495 64
53717921 14
52824351 36
28200815 89
25994756 53
41693443 63
8843802 89
5972014 58
5800568 20
54786349 15
55012289 92
32852421 82
37545870 26
54051781 48
15342015 67
17720959 43
1349074 8
28556524 58
5533432 20
3016023 36
4600714 52
47700109 27
23025701 41
41565614 99
15366885 81
29078812 6
55219807 40
45947819 95
46442953 29
285622 13
33269972 59
15247392 53
45761327 27
30469195 48
9559915 48
37614344 40
28533903 51
12072321 62
38874889 36
44985112 39
37853808 90
2429357 15
53570840 48
40222430 94
16738564 61
15157451 58
19352452 57
9165324 93
44818816 7
33661876 6
22543108 25
11906395 18
44413002 54
13339962 71
40115419 62
54395561 19
9347027 47
54944167 64
372092 54
47366334 56
1915902 3
12945398 60
26603279 40
50998372 32
25464788 50
36991759 23
53433887 6
13134850 95
54252343 76
6428849 82
26053063 20
53819216 7
5500326 64
34906346 61
21299082 55
46380968 76
26054318 55
16282390 54
23921960 69
43905778 19
5109394 23
28691479 69
36530708 2
45332140 42
9055478 69
53275660 69
25380885 62
14101306 7
37495430 10
7831649 80
8794548 1
54718104 1
34331997 94
46797895 56
13315916 44
2904696 39
19866253 20
51722643 61
39970823 6
29809270 70
14936554 100
38546613 88
49500607 27
34501016 65
42933609 41
54182839 25
34659677 59
26158315 47
23190587 53
49532908 9
40536660 59
51099730 66
42690907 46
18913725 87
763661 96
12158827 31
42550618 34
4395866 36
35514064 64
16453613 91
14287915 33
47741970 88
21487954 20
13777329 70
47018847 18
2751870 97
19002456 25
17842856 97
29849685 71
52729251 67
2924462 12
13904938 41
21227691 5
31303685 46
42954744 66
34435747 36
54981656 74
16634302 84
55379934 47
25410480 80
35639443 64
41370173 8
32389398 34
24703421 83
5854728 40
24847991 72
38245187 33
12104977 76
30555383 97
2676486 74
19711786 20
24963027 94
50358289 37
22202356 42
44792289 100
19036672 47
36627392 64
42083814 49
50325989 65
9133034 54
47197361 34
49462163 48
37181658 13
12520273 3
8450728 26
13463926 10
19115152 50
263096 6
42552437 44
25742767 72
55025992 2
7010008 87
37555587 99
3414420 92
49564494 88
6937914 56
10531178 50
45474111 53
18535842 52
2029185 28
22478835 100
24456189 91
3750687 20
22054151 66
25543436 66
45666111 93
53012012 24
52734688 74
49852654 55
32861343 47
8832323 15
46498892 32
3359280 24
6840988 9
19574807 89
55083925 98
42470770 73
4165653 74
20393151 63
37366769 93
17470608 30
23970173 90
37701697 13
291392 86
5552369 4
24191437 36
50613649 54
10501410 48
41704848 61
17220442 38
42605772 62
21703301 32
30794300 3
26684795 95
3143469 4
49044492 39
1965363 11
24397885 70
9522549 3
26327893 34
9611348 84
50139192 42
22313228 13
50385741 50
41654904 49
4150771 51
34179210 5
53549491 22
38865548 51
38421769 33
47726988 3
34005154 45
15941472 82
18429793 89
12880942 77
16309206 9
44626507 53
52182246 96
38724877 7
47434488 82
26811703 87
963505 47
4252317 31
39779715 9
4973805 49
10461297 49
11021597 84
38298635 9
48934390 89
44717549 77
44046045 99
22553884 23
53210700 80
49251878 90
30204608 83
36858194 8
55120962 20
44779485 84
48863812 89
31527024 49
16504958 37
52298601 1
25015262 11
3120190 14
52763526 88
44498760 74
37798905 35
49455794 9
35705188 78
35586572 74
47928416 56
29881554 50
21196549 65
30584662 83
2100065 61
15470495 48
23694589 27
49942771 71
46772139 47
29432046 71
26475374 80
11576396 33
51712789 7
18062409 34
2164862 19
49527651 36
36889754 41
12702917 93
22247745 77
31926194 49
51975534 90
8508346 97
3364504 92
16943803 77
3723298 72
48804474 14
891102 42
11243668 79
9085748 9
21504128 40
44795616 16
52701215 98
3934364 24
45440118 63
43039934 6
14637127 69
9597009 86
33777493 75
9035223 65
32357392 91
44618762 73
2441672 11
27403909 46
47543323 89
24160207 11
43719167 23
37126277 51
7535885 83
33444717 22
13450108 56
4386079 58
22230507 75
31200684 59
24994449 73
17485537 46
38290558 42
5038125 80
37220217 1
47197812 71
36348242 48
13574603 45
7341695 67
14477326 11
19420662 6
23846194 17
24608988 42
1046530 71
37774725 52
13148855 78
32188976 3
7810100 77
13225532 31
30711000 66
810632 99
50786584 28
27903091 28
32463843 44
40359099 11
3190791 9
12198405 28
54908072 78
24239443 6
23674329 6
30486425 47
46860594 71
48983246 99
12057428 94
37254670 31
39945578 93
13291365 29
16916687 27
21776594 41
29532761 81
4501095 39
4832816 13
30356615 33
3281096 35
11126831 8
17510608 33
35204972 70
21888753 94
21604537 82
1464195 85
37764315 24
53343265 15
55172787 62
41782079 36
2822470 56
13170633 48
17114180 48
7792272 7
22039845 89
21970440 38
48514347 37
7109280 46
9556064 61
51629873 39
53374618 38
42593748 85
53390919 94
5674986 68
28105837 8
52893762 69
12100766 8
997358 20
161877 67
14973423 74
34181739 26
3549627 22
53491168 35
35356637 79
11538974 4
5287598 72
31107977 54
30679979 65
19738398 5
40951781 44
31778348 77
51050598 35
50309037 68
13911325 83
10163841 25
1779615 76
53181570 91
17787390 93
50077999 80
39618077 49
38660672 51
47777774 55
44873484 36
52348773 55
12606412 52
29762423 66
55504308 55
50271666 2
15052927 51
4579847 16
44471082 9
1596652 89
38923720 97
27410148 85
52097611 48
23773214 12
37663582 14
14584267 45
26827291 13
10235901 46
51897698 34
30926034 21
25676511 44
51659498 71
55494636 82
33101771 43
41717750 62
19330805 63
26024094 46
1406850 45
26571663 46
4462219 74
7771331 98
3338489 1
51914716 84
47479272 87
14999576 98
29172393 31
33347397 52
39319084 74
9992195 56
16229117 57
46593307 28
25421204 67
28021848 3
46750800 26
24025622 56
15422296 50
55537766 39
35870877 3
45391955 94
48439342 83
5950260 66
25313358 70
22293259 15
7693077 27
34391436 3
40329742 21
36801797 71
43009468 68
29372574 3
41772354 41
4932614 23
813586 6
5694319 45
49063800 90
30967135 21
35527339 24
16256465 4
27230819 44
44491907 16
26745521 41
4816997 40
22935359 21
9960596 60
23150130 49
22217110 89
25322248 81
43028736 70
7875342 57
48242302 11
2875016 46
20902662 6
11731363 99
9829786 4
18295884 95
46295111 33
12917445 62
34059708 33
15680147 73
49627135 76
40050364 45
38809297 49
4971236 99
54578383 26
33774793 12
1302300 88
36547097 36
6236024 63
41350331 81
32951855 7
46131426 64
50016714 71
23009127 99
42057204 21
16344429 64
14950696 90
2675163 94
29600267 40
2046198 78
9176217 98
25150070 93
22818211 20
17258350 59
53095861 89
21014332 5
35626404 94
45885598 22
37742037 62
45656191 22
46423740 60
29337255 55
26181329 4
4221679 40
35426587 90
55158026 13
39986933 30
16781516 66
2119586 34
47795225 82
14913879 58
30442776 43
12080999 29
25405669 20
9409646 90
20458683 72
39885419 95
34184304 59
34967419 51
33409399 15
3960221 27
30787518 18
9110544 55
21820626 15
26345965 61
20088717 63
18666790 17
13316224 98
45227052 44
10336097 2
33419449 5
25628135 33
30266960 26
40678691 41
35717678 44
4314243 46
21487444 56
45291413 4
5629808 40
4949996 36
6162365 98
28192268 41
20106356 7
10726520 25
54506687 90
10434852 3
39057480 49
22574365 62
25614589 25
1584689 82
35231626 3
25725232 50
16550154 95
7363550 77
49331778 32
15137174 60
9380291 85
26898582 1
30680941 85
23461664 31
20336679 77
19463314 5
5548030 86
41636491 50
2531828 20
32728691 53
38884643 61
38204463 73
3348426 37
44422201 24
3042378 53
15276380 24
25658927 80
36178809 63
4886938 54
38018595 77
22491058 84
47946122 90
16210370 71
9761910 59
53984790 68
2516008 76
31718534 96
49722391 39
3563045 85
24076593 33
54763394 33
43155142 6
27091959 79
13255084 69
44382502 87
44015348 71
28778662 94
32558300 71
35401573 74
10568896 54
55242201 10
21535876 68
42455462 37
48033512 41
12997782 11
680016 18
33509628 18
27303494 96
9452070 100
6391355 100
2334831 50
35818488 39
54196157 92
3950446 78
37139955 87
51691155 57
37313169 92
18092935 55
41907354 4
9359615 97
35027401 58
51253405 49
15431516 48
12876205 53
52095846 15
28490567 2
34449386 38
17024490 57
45299760 54
41213532 5
40058815 33
46570666 10
11098432 63
29488131 94
10798450 82
40273018 15
35125720 56
15294686 1
14753221 84
26259113 26
53619441 90
16631099 96
29488640 71
20558007 49
30874156 71
42576284 32
7005929 28
42333011 65
45316798 50
23561668 77
37535288 16
1144683 13
13431418 73
6480677 20
43614401 67
11681362 79
41013762 45
29090861 11
3690879 91
26451298 59
13479996 82
21364171 40
2563664 14
30487319 83
40314024 93
37352073 28
39929841 41
20913732 22
3615827 94
416795 20
50946471 80
29213183 78
3205333 46
44666749 71
21165285 41
26990019 3
23876996 17
1902316 39
35369906 2
45372205 14
12423086 15
22194035 18
51838446 44
21616440 94
16526108 92
29091329 92
14372237 38
44493684 4
42116928 95
30904679 37
2192446 94
42672623 36
1689747 13
20253751 28
4006988 27
42743167 52
10068478 75
31626531 63
44585156 4
19437959 26
18446692 26
51383885 35
1948760 81
45064382 5
41733724 82
55098618 39
6911915 78
37641195 34
31161133 15
30520915 22
46459916 24
2761115 92
20912862 16
46154712 83
10395305 84
32195910 58
5271222 45
54011385 4
23218132 26
12123816 15
26789665 57
15055976 14
34721895 41
7760083 39
38021401 94
945071 30
35954845 37
28125216 99
7712670 71
14056317 71
1820673 5
4794648 68
8280287 36
17745183 91
45526330 49
37249828 11
5967856 14
40995606 30
13613667 65
18501475 58
22314256 33
22100777 42
52713961 67
50030285 63
16483090 37
48402648 86
31623200 42
2382494 87
24835250 54
36279049 24
38004321 58
41985088 64
25404668 73
13961993 8
24662817 46
8664165 44
10252074 15
27376355 69
16516167 48
51001057 1
54968015 18
49486989 77
724998 65
54124025 5
6980662 39
24122556 81
42650445 41
2515381 64
26072143 49
31178463 80
43513826 63
24405577 34
35602640 26
52010912 17
16570749 59
25158955 41
17035197 93
24269659 84
19547880 20
17957137 58
35854576 71
39507254 98
13745794 5
49861761 12
50773677 77
49812655 33
47797486 60
50504901 80
53857659 10
51937788 4
3540244 83
43861168 24
7368947 14
52000376 3
33893839 36
9710356 6
26023017 86
40142356 43
14770601 64
13645028 2
12855121 30
16095573 72
41968957 6
30257742 70
22566411 28
14195470 58
40153798 97
680848 45
26046633 55
23864067 60
10138924 97
41752271 28
23310105 77
27594925 16
48275341 30
24066280 87
32517898 84
23797187 67
39461221 94
24505518 51
11946692 65
10682492 19
33337049 87
867051 35
28243649 93
7661498 31
36420781 50
46459741 88
39512745 40
25242331 65
24810734 67
4904915 85
54306984 40
33770895 95
43512809 65
27194488 60
31424667 98
35256185 67
48762206 95
15622952 14
36106121 12
31261956 79
41832715 34
52044548 10
17207880 42
47999665 79
48279156 49
23207300 100
11070723 57
7700412 6
49688671 90
23484140 54
53806159 69
1975006 56
9976467 12
29778486 59
7577871 14
46365382 47
44442022 52
32548641 83
23902702 43
28611706 67
40711611 64
2371283 18
23427232 65
6576502 81
35569143 47
44300923 85
24645510 68
8377873 24
36408483 50
46616487 6
37275838 87
19288595 80
34846679 10
35287952 91
27199383 85
50629518 100
32035885 11
31863438 15
19423886 94
41974770 37
21280565 76
32190324 16
33235546 85
11034375 63
33109603 63
30800230 61
25444300 100
36566203 81
32581308 59
47619860 67
21950049 11
34580368 25
2950894 68
50752751 18
43556306 65
31036165 24
21742872 57
1198018 95
16709024 84
53028652 98
47945467 68
10451171 65
8413559 74
30392023 93
24569197 78
53669451 12
41602151 9
12253024 87
53452061 48
54284360 90
23051759 35
31312668 59
42439578 99
17281776 81
54739232 78
5088073 9
8900967 75
39912489 93
22687494 59
23355228 53
51701649 79
48390392 17
23261467 36
42317269 48
5956399 85
11201540 89
48962232 75
9843259 1
32928362 72
28187326 66
39543629 25
21593890 42
11277305 79
34691377 40
20973693 73
3090379 85
38698753 89
52105110 44
5321961 41
36532091 9
43483174 53
43296077 38
3438053 34
6429775 67
9530821 39
33794286 59
50208531 40
28453195 15
483561 8
49852690 59
21572424 53
25985519 98
9645914 50
39250544 80
31365279 66
18486625 28
18794329 63
11188833 13
17515115 43
2432457 77
30778035 51
27072087 66
36907665 10
35969000 46
50288385 15
49637303 92
53728220 84
23777738 34
36454353 26
52508061 59
9271262 44
47682703 17
33047063 36
32909117 41
17326420 99
38682902 57
46681235 83
35938564 4
19342929 73
16902849 93
4878308 4
44707527 9
27052337 14
51886755 75
17333024 93
38452928 47
40198587 18
8250357 74
51499632 27
32882314 2
6431963 78
2150548 50
49579905 67
54623745 34
8115840 34
48696759 27
39487958 15
49588638 57
34087218 28
55184308 72
36619381 82
51021248 85
19374818 44
41523099 90
9568145 87
31338119 59
29018709 26
21927056 7
46585126 64
11499752 93
33848499 58
20348340 31
54347750 50
52615812 54
38844884 26
40726276 65
23157690 14
42608666 47
31954117 97
13893133 97
8639645 82
41069122 39
12075650 78
45263771 62
36336696 51
31519508 48
39751553 88
37655893 100
4325259 23
30204902 5
22897303 11
55073002 100
5149328 67
22639347 17
27866591 28
39209601 45
48606007 52
29464384 44
18807268 34
13676901 81
28551629 31
6098672 75
42556035 26
31443423 52
26657870 32
5712285 92
19126789 2
23619058 90
48123952 24
25027564 8
20581918 4
33387171 23
13990895 64
54290064 13
44550430 20
4703245 44
9505082 27
4471305 68
4379325 46
13161125 84
27681488 4
44461976 39
20160487 94
3915387 37
52059486 75
39642051 45
16941349 27
9222433 46
21790410 87
15574369 2
50634389 45
22909717 83
24575030 98
8342935 39
35279912 22
27636187 30
18578769 29
25660445 43
20357647 46
50488221 57
12667820 49
48224095 33
31964189 78
1425195 2
26995512 52
18662793 68
5721036 27
5508243 56
18531888 12
52377660 20
22015993 3
48494199 84
29947524 7
40096102 38
13872567 29
25239715 57
5264156 24
9651469 49
55047080 62
38796297 46
18251068 53
22504296 16
41449714 30
17060991 4
4382330 59
29181364 72
44434704 75
11963062 67
53077382 92
32194992 61
1054205 87
54142231 71
27045193 67
2731455 67
22743527 44
48260625 8
41075491 87
55072940 94
18595881 62
42971562 30
11083240 7
3854686 64
48642182 75
38473493 26
18579110 46
20673641 8
4962597 98
36791306 83
9386726 45
17495817 20
22923407 96
2339299 1
36545703 34
33477142 33
583991 81
22141728 17
14221410 94
22835231 4
12487451 61
25838569 48
9717491 40
37200733 23
2049054 58
35179271 96
16243311 22
25535934 70
3784004 96
54565963 78
22860784 74
19873734 73
17674964 3
31680662 81
35669272 62
5632888 52
54926252 18
685193 35
29033575 15
41955287 84
32005671 6
6503137 19
26172504 22
30668841 3
27432279 28
283023 62
33767041 35
44138983 57
27959741 50
35396049 12
55039770 79
53545696 32
37575699 48
28336803 20
4722469 52
40607482 86
51401891 71
3387142 71
34034308 9
35645968 38
48323098 54
26991534 55
38404753 73
35185036 54
25814488 35
23741735 41
2771607 27
21729650 2
49748440 13
17393785 60
20124158 96
3293235 26
6872942 1
18953962 46
47830761 76
22506257 100
10628516 85
11480572 36
17424185 74
7901473 2
14523866 24
40331692 52
16591144 39
722006 68
21067929 35
54372658 41
24363559 55
43187120 92
5303662 3
29048010 79
54390800 55
19097046 58
41258733 73
52568164 19
973733 61
691196 73
6417896 5
47336826 100
44515702 95
52492627 42
50779864 33
3612943 64
30620732 59
34948486 73
29354059 9
37254880 63
23709349 97
34485370 37
31263149 86
14429712 91
40906594 22
36923826 51
12900885 57
47016318 29
46613045 77
46061653 27
22383165 1
11566070 34
12588068 35
36050332 76
13167737 88
1574248 99
30295497 83
34308825 50
6333331 78
13590454 95
9772853 96
36647047 69
16611327 65
19596254 77
33616502 36
9584876 71
29009976 32
11146828 48
51237589 1
52656590 78
26933683 44
29202253 51
31488618 62
40422209 21
36055270 47
14478598 6
21264823 86
14504428 3
47288222 78
12819484 100
19162636 18
15562595 25
23117152 85
5056761 78
46514383 28
46875562 73
46405262 59
30076241 25
11450141 40
38065431 88
38193738 23
24009639 33
26962445 53
43733345 91
42228354 38
17049156 90
28184702 93
8201595 14
45539656 58
45788920 34
20673688 29
17306583 38
50627423 77
20643058 99
42538017 38
10596233 5
39769874 87
48817458 96
46672051 19
45368920 69
14954691 5
43841679 2
20561021 55
26628311 57
19226954 24
18882153 99
22960696 3
4187675 49
34263288 94
799037 78
18727997 73
6904148 22
11484924 61
34372432 15
29904308 45
37680305 25
27195249 31
13831159 31
8881409 41
28391800 23
4728698 19
7646705 51
37293879 32
7956898 20
26885168 24
33454550 74
42702898 1
37453041 80
21270094 73
23633465 92
52427379 62
20752018 32
25430766 66
52854735 98
24195184 75
2657468 55
44384553 56
40961917 20
42991012 73
9490538 96
24174890 25
38171461 85
38992730 79
43362316 19
3586888 33
43889752 30
16334409 94
24250090 84
12001494 37
25288424 23
21431096 21
8217465 59
48586141 93
38537113 20
53837560 98
21769096 92
10346633 89
23271785 80
50336717 36
31141435 67
16301863 75
22074251 53
38641222 53
6254597 38
28814840 48
37866389 84
4844215 25
34227130 23
13601736 27
26340460 86
2587552 56
39397098 75
16381689 7
30594415 27
14183206 95
52656408 25
7328595 95
46280010 33
379877 98
38140253 14
39604059 84
41177083 29
50850917 68
26816073 19
49691756 43
33657810 5
4711738 25
27180131 33
12961000 45
12387975 21
35079849 6
7239847 68
33159927 41
41170017 65
34306592 94
23768866 19
51600169 13
36528399 73
40923353 17
19832985 36
47319211 99
39152553 62
36815545 48
20158834 96
13522609 61
32066095 75
50350678 8
48775547 93
38507637 22
51007371 80
23389214 45
51815760 31
30496304 19
35539315 14
674877 85
38439866 100
44093092 82
19504369 9
33498201 56
8636250 42
42405030 86
40026764 66
25139035 92
34960475 86
36495238 95
5473646 43
45615395 46
6206594 48
17350616 77
30536896 30
3588508 55
40211143 73
11814239 48
54859836 28
24898165 11
24350849 12
39528909 54
29572631 60
35658571 13
41700699 5
5930185 43
8598478 33
46175450 8
12343927 4
11187173 81
8955432 56
593533 16
54236915 20
24171354 83
44331991 25
30869330 24
51311732 73
31646443 33
28206420 3
51348750 86
16011989 66
27343722 81
52682705 52
35927411 73
51276535 43
37830003 27
44462898 69
20318166 73
10265355 39
8617434 39
25171578 59
55139214 23
29926960 92
30397625 87
18261522 6
17728893 71
238741 78
32809060 90
7666799 60
11316274 99
40252536 56
1800765 26
44368878 46
42428802 96
33074545 50
53002816 66
16324773 78
41086335 97
17358013 99
44775069 45
45355600 91
16013764 9
26730204 34
29540989 37
16246614 10
21381709 6
21237379 80
12386580 74
54665729 93
7094034 56
17634700 68
8739250 1
3978726 61
25222473 85
17242908 55
34553498 28
16242565 2
42220559 68
32603942 80
21985366 54
38398575 72
18543808 92
5878938 21
19668127 15
4222550 80
41865461 15
11821287 37
25184152 62
7690786 29
38382149 58
40149218 80
14776970 20
24948935 49
15449479 44
78336 43
54362665 22
44913005 75
26660852 99
47044271 29
1252623 49
9358172 30
34594589 84
53299164 71
6414846 37
40973253 29
41517664 47
46471617 34
23978626 57
5214655 39
15785424 27
9245715 91
50671940 96
9951484 89
47724650 38
28874106 66
39197482 54
33267158 22
14842147 3
22752449 65
31246700 100
44968316 16
3384555 26
33563738 27
47053031 15
9224789 86
12163658 16
16152217 50
22990695 84
17589851 13
30714857 70
14182900 92
18085036 56
53036659 54
16197896 22
45907187 36
13353945 90
44841569 18
6607238 65
29270436 76
43469663 94
54120054 88
31304391 68
54481853 29
33203319 59
14045999 46
7125998 19
24410523 50
5901026 38
25559468 30
32868573 22
3222494 70
552075 64
23822273 18
42858998 25
18769319 36
35159678 28
44526490 15
30969574 82
4298691 48
5566804 43
39305427 1
23667011 24
38355335 87
41547338 74
33601002 83
51662677 53
16440138 32
27754995 59
8036505 5
38794296 30
36071770 27
30446535 1
41621720 89
33940514 44
6601794 77
51083867 17
10801154 59
30456369 53
19670180 39
46812515 32
50532676 67
53249558 89
36757750 100
53748599 38
13526825 64
27797917 93
3506140 100
46551649 3
5301554 95
38825340 7
2964553 25
50098962 17
52071473 63
8551370 50
33512855 82
53509459 86
21560156 29
11646307 47
19696010 96
39268400 27
48352822 29
30156762 65
23402954 4
29891255 22
25297581 32
46711186 66
26525218 6
31345402 78
28850555 46
51619523 85
42165519 76
4416015 8
33017242 6
31727397 28
15159502 96
26951449 29
54322924 18
15942123 21
35738821 79
16872374 69
13269600 74
2642508 16
13447532 98
6744877 27
38070075 28
46291238 10
29537711 54
53149397 4
9159695 95
4574707 1
434055 60
21142056 29
47803776 16
54699967 81
11976530 64
21862427 33
6380813 63
33916255 98
14546800 42
49148168 67
18425262 84
46309508 54
6288248 87
36136669 11
26087056 41
46656394 77
43918603 21
42398704 21
23696754 98
48931476 51
36875086 50
47665578 67
21006341 9
26944685 37
41310449 49
14819039 49
38306027 58
11839742 58
14821571 24
15579293 52
9393681 33
38487591 54
38142447 64
49480404 41
49451591 3
4392449 6
11381215 88
45630534 45
3807624 76
28478667 66
44568874 42
16679825 12
51113566 30
36594623 80
29050478 91
6374935 51
43265039 71
2863300 43
6258961 43
46981988 34
2158046 11
31784540 25
37623423 27
53546046 18
14246613 79
10654072 91
49547354 11
27125017 38
39047448 1
42023779 26
46474963 20
43340735 61
28940645 78
53464013 19
3034947 91
24243774 20
9692811 79
14324537 56
36243858 80
55517857 51
7735817 62
1495906 76
49035916 30
18336739 66
24298903 39
14814059 28
55519872 99
2948346 2
24988713 21
32471145 55
19582471 90
44433205 47
9658247 10
27558694 91
47959570 96
33726192 100
21254223 11
20443681 8
48833866 8
55005767 33
3363469 17
